2001	1	1	0	30.5	17.5
2001	1	2	0	30	15
2001	1	3	0	29.5	15
2001	1	4	0	30.5	15
2001	1	5	0	31.5	18.5
2001	1	6	0	29.8	15.5
2001	1	7	0	29.9	14.5
2001	1	8	0	30.5	20.4
2001	1	9	0	30.5	15
2001	1	10	0	30	15
2001	1	11	0	29	12
2001	1	12	0	28.5	13.5
2001	1	13	0	29	12.5
2001	1	14	0	30	14.5
2001	1	15	0	30	15
2001	1	16	0	29.8	16.5
2001	1	17	0	29.9	12.5
2001	1	18	0	32.5	13.5
2001	1	19	0	32.5	13
2001	1	20	0	31.5	19.5
2001	1	21	0	30	21.5
2001	1	22	0	31.5	20
2001	1	23	0	32	20.5
2001	1	24	0	33.5	21.5
2001	1	25	0	32.5	17.5
2001	1	26	0	27.5	11
2001	1	27	0	30	10.5
2001	1	28	0	30	10.5
2001	1	29	0	30	11.5
2001	1	30	0	32.5	12.5
2001	1	31	0	32.5	25
2001	2	1	0	33	25
2001	2	2	0	32	15.5
2001	2	3	0	31	16.5
2001	2	4	0	31.5	18.5
2001	2	5	0	33.5	19.5
2001	2	6	0	33.5	20
2001	2	7	0	33.5	16.5
2001	2	8	0	32.5	15.5
2001	2	9	0	32.5	23.5
2001	2	10	0	32	12.5
2001	2	11	0	30.4	12.5
2001	2	12	0	31.2	13.5
2001	2	13	0	30.5	14
2001	2	14	0	28.5	14
2001	2	15	0	34.5	14
2001	2	16	0	32.5	21.5
2001	2	17	0	30.5	19.5
2001	2	18	0	32.5	16.5
2001	2	19	0	32.5	15.6
2001	2	20	0	32.5	20.5
2001	2	21	0	33.5	16
2001	2	22	0	32.5	16.5
2001	2	23	0	32.5	17.5
2001	2	24	0	33.5	16.5
2001	2	25	0	32.5	15
2001	2	26	0	34.5	15.5
2001	2	27	0	32.5	15
2001	2	28	0	33.5	20
2001	3	1	0	31.5	20.5
2001	3	2	0	32.5	18.5
2001	3	3	0	33.5	17.5
2001	3	4	0	30.5	18.5
2001	3	5	0	32.5	20.5
2001	3	6	0	33.5	15.5
2001	3	7	0	33.5	16.5
2001	3	8	0	34.5	17.5
2001	3	9	0	32.5	18.5
2001	3	10	0	31	19.5
2001	3	11	0	32.5	21.5
2001	3	12	0	33.5	19.5
2001	3	13	7	30.4	12
2001	3	14	0	30.2	20
2001	3	15	29	31.5	12.6
2001	3	16	26	32.5	14
2001	3	17	0	33.5	15
2001	3	18	0	33.5	12.5
2001	3	19	0	33.5	20.5
2001	3	20	0	33.5	12
2001	3	21	0	32.5	12
2001	3	22	0	32.5	22.5
2001	3	23	0	33.5	10.5
2001	3	24	0	33.5	12.5
2001	3	25	0	33.6	20.5
2001	3	26	0	33.5	23.5
2001	3	27	0	35.5	21.5
2001	3	28	0	33.5	23.5
2001	3	29	0	34.5	19.5
2001	3	30	0	32.6	11
2001	3	31	0	35	11
2001	4	1	0	35.5	11
2001	4	2	0	32.5	22.5
2001	4	3	0	36.5	21.5
2001	4	4	0	37.5	12.2
2001	4	5	0	36.5	15
2001	4	6	0	35.5	15
2001	4	7	0	36.5	20.5
2001	4	8	0	36.5	19.5
2001	4	9	0	36.5	21.5
2001	4	10	0	35.5	22.5
2001	4	11	0	37.9	22.5
2001	4	12	0	36.5	16.5
2001	4	13	0	35.6	22.5
2001	4	14	0	35.5	20.5
2001	4	15	0	39	23
2001	4	16	0	34.5	22
2001	4	17	0	35.5	20.5
2001	4	18	0	33.5	20.5
2001	4	19	0	34.6	22.5
2001	4	20	0	35.6	23.5
2001	4	21	0	36.5	23.5
2001	4	22	0	37.5	24.5
2001	4	23	0	36.9	25
2001	4	24	0	37.5	23.5
2001	4	25	0	35.5	14.5
2001	4	26	0	37.5	15.5
2001	4	27	0	38.6	16.5
2001	4	28	0	35.6	19.5
2001	4	29	0	34.5	21.5
2001	4	30	0	37.8	19.5
2001	5	1	0	31.5	23.5
2001	5	2	0	29	24
2001	5	3	0	36.5	24
2001	5	4	3	35.5	23.5
2001	5	5	55	35	23.5
2001	5	6	0	32	24.5
2001	5	7	71	29.5	23.5
2001	5	8	3	29	24.5
2001	5	9	20	30.5	24
2001	5	10	25	30.8	24.5
2001	5	11	18	31.5	23.5
2001	5	12	0	31.5	23.5
2001	5	13	0	30.5	23.5
2001	5	14	27	29.6	23.5
2001	5	15	10	33.5	24
2001	5	16	2	32	16
2001	5	17	2	30.5	20.5
2001	5	18	59	29.5	20
2001	5	19	6	29.6	21
2001	5	20	6	28.5	24.5
2001	5	21	21	33.5	20
2001	5	22	0	30.5	24
2001	5	23	3	29.6	22.5
2001	5	24	20	30.5	24
2001	5	25	2	31	24.5
2001	5	26	65	31.5	23.5
2001	5	27	23	29.5	22.5
2001	5	28	4	30.5	23.5
2001	5	29	0	30.5	22.5
2001	5	30	7	29.5	23.5
2001	5	31	5	29.5	24.5
2001	6	1	15	28.6	23.5
2001	6	2	31	32.5	24.5
2001	6	3	3	29	24.5
2001	6	4	5	30	25
2001	6	5	0	31.5	24
2001	6	6	0	33.5	25
2001	6	7	0	32	25
2001	6	8	2	28.5	25.5
2001	6	9	57	30	25
2001	6	10	2	29.5	24.5
2001	6	11	54	28.5	24
2001	6	12	0	29	23.5
2001	6	13	33	29.5	23.5
2001	6	14	14	28.5	23.5
2001	6	15	37	28.5	24
2001	6	16	8	30.5	22.5
2001	6	17	25	30.5	24
2001	6	18	22	33	23.5
2001	6	19	0	29	24.5
2001	6	20	29	30.5	23.5
2001	6	21	52	27.5	24
2001	6	22	3	30.5	24.5
2001	6	23	0	31.5	25.5
2001	6	24	36	31.5	24
2001	6	25	6	31.5	25.5
2001	6	26	9	31.5	24.5
2001	6	27	2	31.5	24.5
2001	6	28	12	31.5	25
2001	6	29	0	31	25
2001	6	30	23	30.6	25
2001	7	1	15	30.5	25.5
2001	7	2	26	30.5	23.5
2001	7	3	32	30.5	24.5
2001	7	4	6	30.5	25
2001	7	5	70	29.6	24.5
2001	7	6	48	29.5	24.5
2001	7	7	77	30.5	24
2001	7	8	30	29.5	24
2001	7	9	42	29	23.5
2001	7	10	25	30.5	24
2001	7	11	8	30.5	24.5
2001	7	12	41	29	23.5
2001	7	13	29	30.5	24.5
2001	7	14	4	31	22.5
2001	7	15	55	30	22.5
2001	7	16	42	31.5	22
2001	7	17	14	30.5	20.5
2001	7	18	8	30.5	23.5
2001	7	19	24	29.5	20.5
2001	7	20	3	29.5	25.5
2001	7	21	37	30	24.5
2001	7	22	14	28.5	24
2001	7	23	55	28.5	23.5
2001	7	24	0	32.5	24.5
2001	7	25	0	32.5	25.5
2001	7	26	7	32.5	26
2001	7	27	32	32.5	24.5
2001	7	28	0	30.5	25
2001	7	29	6	31.5	25.5
2001	7	30	12	30.5	24.5
2001	7	31	3	30	24.5
2001	8	1	46	30	24.5
2001	8	2	13	29	24
2001	8	3	26	30.5	24.5
2001	8	4	19	29	24
2001	8	5	54	30	24.5
2001	8	6	0	31.5	24
2001	8	7	4	30.5	24
2001	8	8	46	30.5	20.5
2001	8	9	0	31.5	21
2001	8	10	8	30.5	24.5
2001	8	11	13	31.5	24
2001	8	12	5	27.5	24
2001	8	13	0	31.5	24
2001	8	14	38	30.1	22.5
2001	8	15	71	27.1	20.9
2001	8	16	8	28.6	25.4
2001	8	17	18	27.9	24.7
2001	8	18	42	30	24.5
2001	8	19	5	28.6	25.5
2001	8	20	46	30.2	24.2
2001	8	21	9	31.2	25
2001	8	22	13	31.9	25.4
2001	8	23	7	30.2	26.2
2001	8	24	12	30.5	24.5
2001	8	25	2	29.9	26
2001	8	26	25	29	25.2
2001	8	27	55	28.9	24.7
2001	8	28	41	29.5	24.6
2001	8	29	0	30.8	25.5
2001	8	30	2	30.5	25.9
2001	8	31	7	31.1	25.1
2001	9	1	5	32	24.8
2001	9	2	2	33	25.2
2001	9	3	0	33.1	26.2
2001	9	4	0	31.1	26.7
2001	9	5	0	32	26.6
2001	9	6	25	32.5	25.3
2001	9	7	10	32	24.5
2001	9	8	21	31	24.2
2001	9	9	22	31	25.4
2001	9	10	7	26.8	23.9
2001	9	11	2	30	23.2
2001	9	12	3	31.3	24.1
2001	9	13	0	32	24.7
2001	9	14	22	26	24.7
2001	9	15	10	29.6	23.9
2001	9	16	5	31.9	23.2
2001	9	17	0	33	24.9
2001	9	18	0	32.1	25.2
2001	9	19	28	28.4	24.6
2001	9	20	10	31	24.5
2001	9	21	0	30	25.4
2001	9	22	0	31.2	25.2
2001	9	23	0	31	25.8
2001	9	24	29	31.5	24
2001	9	25	24	29.5	25
2001	9	26	12	28.5	25
2001	9	27	14	30	24.9
2001	9	28	10	31	24.1
2001	9	29	14	29	23.4
2001	9	30	4	30.1	24.8
2001	10	1	0	31	25.4
2001	10	2	0	31.5	25.2
2001	10	3	15	31.9	22.9
2001	10	4	2	31.7	25.9
2001	10	5	2	31.9	25.5
2001	10	6	0	30.3	26.2
2001	10	7	0	32	25.3
2001	10	8	26	29	24.5
2001	10	9	0	29	24.5
2001	10	10	9	29	24.5
2001	10	11	5	29	24.5
2001	10	12	3	31	24
2001	10	13	3	31.9	23.9
2001	10	14	3	31.5	24.7
2001	10	15	2	33	25
2001	10	16	0	33.2	26.3
2001	10	17	4	30.9	23.7
2001	10	18	0	33	24.5
2001	10	19	0	32.5	25.6
2001	10	20	0	32.7	25.6
2001	10	21	0	32	25.3
2001	10	22	5	32.4	24.5
2001	10	23	0	33	25.6
2001	10	24	21	29.8	24.2
2001	10	25	55	25.1	23.7
2001	10	26	71	28	23.8
2001	10	27	23	32.1	25.1
2001	10	28	0	32	25.3
2001	10	29	2	31.5	24.5
2001	10	30	10	32	23.6
2001	10	31	28	27	24
2001	11	1	2	31	23.6
2001	11	2	5	29.1	23.7
2001	11	3	0	31.5	23.9
2001	11	4	0	33	25.7
2001	11	5	0	33	25.2
2001	11	6	26	32.7	23.8
2001	11	7	0	33.2	25.3
2001	11	8	0	33.1	26.7
2001	11	9	0	33.5	25
2001	11	10	0	31.5	24
2001	11	11	0	31	24.5
2001	11	12	0	30	23.5
2001	11	13	0	32.5	23.5
2001	11	14	0	31.5	24
2001	11	15	12	29	24
2001	11	16	0	30.5	21
2001	11	17	0	31.5	21
2001	11	18	0	31.5	21.5
2001	11	19	0	30.5	21
2001	11	20	0	28.5	21
2001	11	21	0	29	19.5
2001	11	22	0	28	23
2001	11	23	0	28	15.6
2001	11	24	0	28	15
2001	11	25	0	28	15
2001	11	26	0	29	17.5
2001	11	27	0	28	17
2001	11	28	0	28	16
2001	11	29	0	29.5	14.5
2001	11	30	0	29	15
2001	12	1	0	30.5	16.7
2001	12	2	0	30.5	19.4
2001	12	3	0	31.5	20.2
2001	12	4	0	30.5	20.4
2001	12	5	0	30	19.9
2001	12	6	0	29.5	18.8
2001	12	7	0	30	17.9
2001	12	8	0	30.3	18.7
2001	12	9	0	30.6	19.8
2001	12	10	0	29.4	20.5
2001	12	11	0	29.4	18
2001	12	12	0	29.5	18.5
2001	12	13	0	30	20.7
2001	12	14	0	30.6	20.5
2001	12	15	0	30.5	22.8
2001	12	16	0	31	21.6
2001	12	17	0	31.8	22
2001	12	18	0	31	22.6
2001	12	19	0	31.5	22.6
2001	12	20	0	31	22.9
2001	12	21	0	30.3	22.1
2001	12	22	0	31.5	21.7
2001	12	23	0	29.5	21.5
2001	12	24	0	28.5	21.1
2001	12	25	0	28.5	20.9
2001	12	26	0	27.6	20.5
2001	12	27	0	29.4	19.2
2001	12	28	0	29.3	18
2001	12	29	0	30	19.4
2001	12	30	0	29.5	19.4
2001	12	31	0	28.6	17.9
2002	1	1	0	26.5	20.2
2002	1	2	0	28.5	18.7
2002	1	3	0	27.9	18.7
2002	1	4	0	28	18.1
2002	1	5	0	27.9	18.3
2002	1	6	0	29.5	17.5
2002	1	7	0	29	18.2
2002	1	8	0	30	18.7
2002	1	9	0	28	19
2002	1	10	0	29.5	19.5
2002	1	11	0	29.5	16.5
2002	1	12	0	28.2	15
2002	1	13	0	27.5	13.2
2002	1	14	0	27.9	12.9
2002	1	15	0	30.2	12.9
2002	1	16	0	29	15.1
2002	1	17	0	30	14.3
2002	1	18	0	31.2	15
2002	1	19	0	31	15.4
2002	1	20	0	31.2	15.3
2002	1	21	0	31.5	17.7
2002	1	22	0	31.9	20.6
2002	1	23	0	33.1	19.2
2002	1	24	0	33	18.5
2002	1	25	0	33.5	19
2002	1	26	0	32.5	15.5
2002	1	27	0	32	13.5
2002	1	28	0	29.5	13
2002	1	29	0	29.5	15.5
2002	1	30	0	30.1	17.6
2002	1	31	0	29.7	19.5
2002	2	1	0	31.6	17.8
2002	2	2	0	31.6	18.1
2002	2	3	0	31.5	17.9
2002	2	4	0	30.8	15.6
2002	2	5	0	30.4	14.2
2002	2	6	0	30.7	14
2002	2	7	0	31.6	15.5
2002	2	8	0	31.7	16.3
2002	2	9	0	33.1	18.3
2002	2	10	0	34.2	18.6
2002	2	11	0	33.2	18.9
2002	2	12	0	32.5	22
2002	2	13	0	32.8	21.5
2002	2	14	0	34.5	21.8
2002	2	15	0	34.4	19.9
2002	2	16	0	33.1	20
2002	2	17	0	33.5	21.5
2002	2	18	0	34.3	20
2002	2	19	0	34.3	19.1
2002	2	20	0	33.5	17.3
2002	2	21	0	34.1	16.3
2002	2	22	0	32.9	16.3
2002	2	23	0	32.6	19
2002	2	24	0	33.9	19
2002	2	25	0	35.8	17.3
2002	2	26	0	35	21.4
2002	2	27	0	34	20.5
2002	2	28	0	34.9	21.2
2002	3	1	0	33.2	17.9
2002	3	2	0	33.6	17.2
2002	3	3	0	34.7	19.6
2002	3	4	0	35.5	19
2002	3	5	0	35.4	21.3
2002	3	6	0	34.4	20.5
2002	3	7	0	34.6	18.5
2002	3	8	0	34	19
2002	3	9	0	33.5	15.5
2002	3	10	0	34.5	16.8
2002	3	11	0	35	19.5
2002	3	12	0	36.5	20.5
2002	3	13	0	36.5	20.5
2002	3	14	0	36.5	20.5
2002	3	15	0	34.5	21.5
2002	3	16	0	36.5	20.5
2002	3	17	0	35	21
2002	3	18	0	36.5	20.5
2002	3	19	0	35.5	21.5
2002	3	20	0	36.5	20.5
2002	3	21	0	36.5	20
2002	3	22	0	36.5	19
2002	3	23	0	33.5	21.5
2002	3	24	0	36.5	23.5
2002	3	25	0	36.3	18.5
2002	3	26	0	37.4	19
2002	3	27	0	36	21.5
2002	3	28	0	35.6	22.9
2002	3	29	0	35	22.4
2002	3	30	0	34.4	24.4
2002	3	31	0	36.9	23
2002	4	1	0	36.9	22
2002	4	2	0	36.5	22
2002	4	3	0	37.5	21.5
2002	4	4	0	37	20.5
2002	4	5	0	36.5	22
2002	4	6	0	37	21.5
2002	4	7	0	36.5	20.5
2002	4	8	0	37	21
2002	4	9	0	36.5	21.5
2002	4	10	0	36.5	20.5
2002	4	11	0	36.5	20.5
2002	4	12	0	37	20.5
2002	4	13	0	36	21.5
2002	4	14	0	36.5	21.5
2002	4	15	0	37.5	19.5
2002	4	16	0	37.5	22.5
2002	4	17	0	37.5	21.5
2002	4	18	0	37	20.5
2002	4	19	0	36.5	20.5
2002	4	20	0	37	21.5
2002	4	21	0	37.5	21.5
2002	4	22	0	38	23.5
2002	4	23	0	37.2	25
2002	4	24	0	37.5	25.7
2002	4	25	8	38.2	24.6
2002	4	26	0	37.5	25.1
2002	4	27	0	38.1	24.9
2002	4	28	0	38	24.3
2002	4	29	0	37.8	25.2
2002	4	30	0	37.4	25.4
2002	5	1	0	38.3	25.4
2002	5	2	0	38.8	25.5
2002	5	3	0	39.5	26.1
2002	5	4	0	38.5	27
2002	5	5	0	38.2	26.8
2002	5	6	0	39.4	25.5
2002	5	7	0	39.5	25.9
2002	5	8	0	38.2	26.1
2002	5	9	0	38.2	25.7
2002	5	10	0	37.1	26.4
2002	5	11	0	37.1	27.3
2002	5	12	14	28.3	24.7
2002	5	13	1	33.3	24.9
2002	5	14	0	33	25
2002	5	15	37	32.6	24.9
2002	5	16	0	31.1	25
2002	5	17	34	26.4	24.7
2002	5	18	0	28	25
2002	5	19	44	29.9	23.5
2002	5	20	78	28.2	21.8
2002	5	21	89	25.9	22.1
2002	5	22	6	31.9	24.4
2002	5	23	7	33.6	24.7
2002	5	24	0	32	25.8
2002	5	25	0	34	25.9
2002	5	26	0	33.9	25
2002	5	27	12	32.3	25.4
2002	5	28	6	32	25.3
2002	5	29	3	33.1	24.9
2002	5	30	27	32.9	24
2002	5	31	0	32.6	25.6
2002	6	1	0	31.3	25.5
2002	6	2	12	31.3	25.3
2002	6	3	77	32.3	25
2002	6	4	4	32.5	25.6
2002	6	5	0	31.2	25.6
2002	6	6	0	30	25.9
2002	6	7	0	32.9	25.8
2002	6	8	8	32.5	24.9
2002	6	9	23	31	25
2002	6	10	0	33	26.4
2002	6	11	4	32.2	26.2
2002	6	12	17	31	26.1
2002	6	13	24	29.5	24
2002	6	14	41	29.5	24.7
2002	6	15	4	31	24.9
2002	6	16	31	30	24.6
2002	6	17	0	31	25.8
2002	6	18	15	30.7	25.1
2002	6	19	16	30.5	25.9
2002	6	20	4	31	25
2002	6	21	6	30.2	24.5
2002	6	22	41	29	24.9
2002	6	23	49	29.1	24.5
2002	6	24	57	26.2	24.1
2002	6	25	2	28.5	25.2
2002	6	26	29	28.5	24.7
2002	6	27	9	31.3	25.5
2002	6	28	58	26	23.8
2002	6	29	4	29.8	25.7
2002	6	30	30	29.2	25.1
2002	7	1	17	29.7	25.2
2002	7	2	25	30.8	24.5
2002	7	3	0	29.4	26.9
2002	7	4	0	30.5	24
2002	7	5	38	29.8	23.9
2002	7	6	6	31.1	27.2
2002	7	7	3	27.2	25.5
2002	7	8	28	31.6	25.1
2002	7	9	10	31.1	25.7
2002	7	10	44	26	24
2002	7	11	13	29.8	25.1
2002	7	12	8	30.9	25.1
2002	7	13	9	29	25
2002	7	14	23	30.3	24.8
2002	7	15	7	30.3	25.2
2002	7	16	0	31	26.5
2002	7	17	5	31.5	26.7
2002	7	18	21	31	23.6
2002	7	19	50	29	24.2
2002	7	20	0	30.1	26.5
2002	7	21	0	30.7	27
2002	7	22	0	30.2	26.5
2002	7	23	4	31.4	25.6
2002	7	24	4	31	25.5
2002	7	25	11	30	25.2
2002	7	26	30	30	24.3
2002	7	27	0	30.7	26.1
2002	7	28	0	30.8	25.8
2002	7	29	0	30.7	25.1
2002	7	30	4	31	25.4
2002	7	31	7	30.7	25.3
2002	8	1	0	32.2	25.6
2002	8	2	0	30.1	26.4
2002	8	3	0	32.2	26.3
2002	8	4	0	32.3	25.9
2002	8	5	0	28.4	25.1
2002	8	6	5	26.8	24.6
2002	8	7	28	26.8	23.7
2002	8	8	66	29.5	22.9
2002	8	9	0	29.6	24.5
2002	8	10	12	28.7	24.6
2002	8	11	11	28.9	25
2002	8	12	61	27.1	24.6
2002	8	13	55	28.3	23.7
2002	8	14	34	28.7	24.3
2002	8	15	86	27.5	23.7
2002	8	16	81	28	23.4
2002	8	17	0	30.3	26.8
2002	8	18	5	29.8	26.2
2002	8	19	5	30.7	26.2
2002	8	20	18	28.8	25.2
2002	8	21	79	25.2	22.7
2002	8	22	129	26.8	23.3
2002	8	23	0	29	24.8
2002	8	24	0	31.4	24.7
2002	8	25	0	29.2	26.5
2002	8	26	9	30.5	23.5
2002	8	27	0	31.6	25.4
2002	8	28	32	29.6	24.5
2002	8	29	11	30.2	24.9
2002	8	30	13	29.4	23.1
2002	8	31	0	31.7	25.2
2002	9	1	3	32	25.7
2002	9	2	0	30.6	25.9
2002	9	3	2	31.5	26.7
2002	9	4	0	32.2	26.4
2002	9	5	39	30	24.9
2002	9	6	19	26	23.9
2002	9	7	43	29.5	24.4
2002	9	8	86	25.9	23.2
2002	9	9	59	29.1	23.5
2002	9	10	15	31	24.5
2002	9	11	40	31.2	24.5
2002	9	12	0	31.2	24.6
2002	9	13	0	29.7	26.2
2002	9	14	0	32.2	25.9
2002	9	15	4	30.8	25.5
2002	9	16	17	31	25.7
2002	9	17	11	30.4	24.9
2002	9	18	5	29.9	24.8
2002	9	19	0	28.2	25.4
2002	9	20	33	29.6	24
2002	9	21	0	31	24.4
2002	9	22	2	30.2	25.6
2002	9	23	0	30.9	25.5
2002	9	24	0	31.5	25.4
2002	9	25	57	29.5	24.3
2002	9	26	0	31.5	24.9
2002	9	27	0	29.9	25.2
2002	9	28	0	32.5	24.8
2002	9	29	0	31	26.4
2002	9	30	3	31.5	26.3
2002	10	1	0	30	25.7
2002	10	2	0	32.2	24.7
2002	10	3	0	32.8	26.6
2002	10	4	0	32.2	26.4
2002	10	5	5	33.6	24.7
2002	10	6	42	32.3	23.2
2002	10	7	8	30.6	24.8
2002	10	8	0	30.8	24.6
2002	10	9	0	31.6	24.1
2002	10	10	0	32.1	24.3
2002	10	11	0	32.2	24
2002	10	12	0	32.5	24.2
2002	10	13	3	32.1	25.6
2002	10	14	0	32.2	24.4
2002	10	15	0	32.3	24
2002	10	16	0	32.8	24.6
2002	10	17	0	33.3	25
2002	10	18	0	33.2	25.2
2002	10	19	0	30.8	26
2002	10	20	0	32.2	25
2002	10	21	47	29	24.2
2002	10	22	0	31.3	24.5
2002	10	23	0	32	23.8
2002	10	24	0	33	24.4
2002	10	25	48	32.4	23.1
2002	10	26	0	33	23.5
2002	10	27	0	33.2	23.8
2002	10	28	20	31.1	22
2002	10	29	20	31.2	23
2002	10	30	0	32.2	23
2002	10	31	0	32.2	24
2002	11	1	0	32.4	23.7
2002	11	2	7	26.5	22.5
2002	11	3	31	29.5	24.1
2002	11	4	0	29.7	23.6
2002	11	5	0	29.3	23.6
2002	11	6	0	29.9	23.4
2002	11	7	0	30.4	23
2002	11	8	0	30.6	23.2
2002	11	9	0	31.8	23.5
2002	11	10	0	32.2	24.8
2002	11	11	0	32.6	23.1
2002	11	12	0	32.5	23.5
2002	11	13	0	32.6	24.8
2002	11	14	0	31.5	24
2002	11	15	0	29.5	24
2002	11	16	0	30.5	21
2002	11	17	0	31.5	21
2002	11	18	0	31.5	21.5
2002	11	19	24	30.5	21
2002	11	20	0	30.1	21
2002	11	21	0	30.5	23
2002	11	22	0	31.1	22.8
2002	11	23	0	30	23.9
2002	11	24	0	29.5	23.7
2002	11	25	28	30	23.8
2002	11	26	0	30	23.5
2002	11	27	0	30.2	23.2
2002	11	28	0	29	23.1
2002	11	29	31	29	23.8
2002	11	30	0	29.6	22.9
2002	12	1	0	31.2	23.5
2002	12	2	0	30.7	23
2002	12	3	0	29.9	22
2002	12	4	0	30.6	22.3
2002	12	5	0	30.4	22.4
2002	12	6	0	30.3	22.1
2002	12	7	0	30.3	22
2002	12	8	0	29.6	21.4
2002	12	9	0	29.8	21.1
2002	12	10	0	31.1	22.2
2002	12	11	40	29.1	22.2
2002	12	12	0	29	21.3
2002	12	13	0	29	21.4
2002	12	14	0	30	21.9
2002	12	15	0	31.1	21.8
2002	12	16	0	31	22.6
2002	12	17	0	30.5	20.8
2002	12	18	0	30	19.9
2002	12	19	0	28.6	17.4
2002	12	20	0	29	15.9
2002	12	21	0	29.1	15.9
2002	12	22	0	28.4	16.2
2002	12	23	0	28	18.4
2002	12	24	0	26.6	19.9
2002	12	25	0	28.9	19.2
2002	12	26	0	27.6	20.8
2002	12	27	0	28	15.5
2002	12	28	0	27.5	15
2002	12	29	0	27.9	15.8
2002	12	30	0	28.1	16.5
2002	12	31	0	28	18.3
2003	1	1	0	23.1	20.1
2003	1	2	0	24.8	20
2003	1	3	0	24.8	19.4
2003	1	4	0	30.2	19.4
2003	1	5	0	28.5	23.2
2003	1	6	0	27.8	17.2
2003	1	7	0	29.4	17.4
2003	1	8	0	29.2	18
2003	1	9	0	30.5	18.5
2003	1	10	0	29	16.9
2003	1	11	0	29	16.6
2003	1	12	0	29	17.1
2003	1	13	0	28.8	17
2003	1	14	0	28.7	16.9
2003	1	15	0	28.3	17
2003	1	16	0	27.9	18.3
2003	1	17	0	28.1	17.5
2003	1	18	0	28.7	18.3
2003	1	19	0	29.3	18.2
2003	1	20	0	29.9	17.2
2003	1	21	0	29.9	16.2
2003	1	22	0	28.7	15.9
2003	1	23	0	28.5	14.7
2003	1	24	0	28.9	13.9
2003	1	25	0	28.6	13
2003	1	26	0	29.7	15.1
2003	1	27	0	29.5	13.9
2003	1	28	0	30.9	15.9
2003	1	29	0	30.9	18
2003	1	30	0	30.9	19.1
2003	1	31	0	31.3	19.5
2003	2	1	0	30.7	17.5
2003	2	2	0	32	18.4
2003	2	3	0	33.4	17.7
2003	2	4	0	32.9	19.2
2003	2	5	0	31.9	22
2003	2	6	0	30.1	21.5
2003	2	7	0	30.6	19.2
2003	2	8	0	31.5	17.8
2003	2	9	0	32.2	16
2003	2	10	0	32.1	18.5
2003	2	11	0	32.9	19.5
2003	2	12	0	33.1	20.9
2003	2	13	0	33.7	20.5
2003	2	14	0	34.7	20.5
2003	2	15	0	34.1	18.9
2003	2	16	0	32	17
2003	2	17	0	32.2	16.6
2003	2	18	0	32.5	15.7
2003	2	19	0	32.7	16.4
2003	2	20	0	34.6	17.9
2003	2	21	0	34.5	19.9
2003	2	22	0	33.5	20.5
2003	2	23	0	32.9	17.5
2003	2	24	0	34.3	15
2003	2	25	0	32	15.7
2003	2	26	0	33	16.4
2003	2	27	0	33.8	16.1
2003	2	28	0	34	18
2003	3	1	0	34.9	19.6
2003	3	2	0	35	20.6
2003	3	3	0	34.3	20.6
2003	3	4	0	34.1	18.2
2003	3	5	0	35.6	18.6
2003	3	6	0	35.6	21
2003	3	7	0	34.5	17.3
2003	3	8	0	34.5	15.3
2003	3	9	0	34.6	16
2003	3	10	0	34.6	18.4
2003	3	11	0	35	19.8
2003	3	12	0	35.2	22.1
2003	3	13	0	34	23
2003	3	14	4	33.9	22.5
2003	3	15	0	35.2	19.5
2003	3	16	0	35.4	20.2
2003	3	17	0	35.7	21.4
2003	3	18	0	35.2	21
2003	3	19	0	35.8	20.3
2003	3	20	0	35.8	21
2003	3	21	0	33.2	20
2003	3	22	0	35	21.1
2003	3	23	0	35.3	20.3
2003	3	24	0	35.6	20.4
2003	3	25	0	35.8	21.8
2003	3	26	0	35.4	21.8
2003	3	27	0	35.4	22.2
2003	3	28	0	32.6	23.7
2003	3	29	0	34.6	23
2003	3	30	0	34.5	22.6
2003	3	31	0	35.2	23.5
2003	4	1	0	35.4	22.2
2003	4	2	0	35.2	22.5
2003	4	3	0	35.8	22.1
2003	4	4	0	35.7	23.2
2003	4	5	0	35.8	23.6
2003	4	6	0	36.9	24.9
2003	4	7	0	36.4	24
2003	4	8	0	36.6	25
2003	4	9	0	36.6	25
2003	4	10	0	36.8	25
2003	4	11	0	36.6	25.1
2003	4	12	0	36.7	25.2
2003	4	13	0	36.3	24.2
2003	4	14	0	36.4	24.8
2003	4	15	0	36.9	25
2003	4	16	0	37.8	25.1
2003	4	17	0	36.7	24.9
2003	4	18	0	36.6	25.2
2003	4	19	0	36.5	25
2003	4	20	0	37.4	24.9
2003	4	21	0	37.2	25.1
2003	4	22	0	36.6	25.3
2003	4	23	0	37.2	25.3
2003	4	24	0	37.7	24.9
2003	4	25	10	37.6	23.5
2003	4	26	0	37	24
2003	4	27	0	36.6	24.7
2003	4	28	0	37.3	25
2003	4	29	0	38	25.2
2003	4	30	0	37.2	26.2
2003	5	1	0	33.7	24.1
2003	5	2	10	33	21.5
2003	5	3	19	35.5	23
2003	5	4	0	36.2	24.3
2003	5	5	0	36.6	25.4
2003	5	6	0	38	25.1
2003	5	7	0	38	26.5
2003	5	8	0	39	25.9
2003	5	9	0	36.5	22.2
2003	5	10	0	36.5	25.6
2003	5	11	11	33	24.4
2003	5	12	4	32.1	25.1
2003	5	13	38	28.3	23.6
2003	5	14	0	32.4	24.6
2003	5	15	19	31.2	23.7
2003	5	16	14	31.8	23
2003	5	17	25	29.2	22.9
2003	5	18	17	27.1	23.9
2003	5	19	28	29.9	23.5
2003	5	20	16	29.5	22.8
2003	5	21	6	32.6	22.9
2003	5	22	0	33.1	24.8
2003	5	23	44	30.2	23.1
2003	5	24	49	30.9	23.1
2003	5	25	11	33.3	24.2
2003	5	26	0	33.6	25.3
2003	5	27	0	34.1	26
2003	5	28	0	31.4	26.3
2003	5	29	15	33.5	24.2
2003	5	30	4	34	23.9
2003	5	31	0	31	24.4
2003	6	1	41	31	23.4
2003	6	2	14	26.3	23.2
2003	6	3	4	26.3	23.3
2003	6	4	13	31.6	23.2
2003	6	5	16	30.8	23.2
2003	6	6	17	32.2	23.7
2003	6	7	70	29.1	23
2003	6	8	5	30.9	24
2003	6	9	31	29	22.5
2003	6	10	21	31.3	23.5
2003	6	11	20	29.3	23.3
2003	6	12	0	31.5	22.9
2003	6	13	7	32.4	23.2
2003	6	14	0	30.7	24.1
2003	6	15	3	32.5	24.6
2003	6	16	16	31	23.8
2003	6	17	2	29.4	23.3
2003	6	18	46	28.4	23.6
2003	6	19	12	30.9	25
2003	6	20	70	29.9	23.8
2003	6	21	18	31.4	24.2
2003	6	22	13	28.4	23.5
2003	6	23	29	31.2	23.9
2003	6	24	4	28.2	24.3
2003	6	25	14	28.6	23
2003	6	26	2	31.6	23.2
2003	6	27	3	29.5	25.1
2003	6	28	0	31.5	25.7
2003	6	29	34	30.6	23.4
2003	6	30	65	29.4	22.1
2003	7	1	2	29.5	23.2
2003	7	2	6	28	24
2003	7	3	18	30.8	23.9
2003	7	4	0	31	24.6
2003	7	5	5	32.1	24.6
2003	7	6	7	32.2	24.9
2003	7	7	0	32.2	26.4
2003	7	8	2	30.5	24.3
2003	7	9	5	31.9	23.6
2003	7	10	8	31.8	24
2003	7	11	0	32	25.9
2003	7	12	0	30.6	25.8
2003	7	13	22	27.9	24.2
2003	7	14	0	30	24.3
2003	7	15	3	27.7	23.8
2003	7	16	7	28	23.9
2003	7	17	8	30.3	23.5
2003	7	18	0	32.2	24.8
2003	7	19	4	32.6	25
2003	7	20	0	31	25.8
2003	7	21	15	31	24.7
2003	7	22	8	31	24.2
2003	7	23	5	28.5	23.7
2003	7	24	52	27.2	23.3
2003	7	25	53	29.1	22.3
2003	7	26	4	30.3	22.3
2003	7	27	18	31.3	23.4
2003	7	28	0	30.2	24.8
2003	7	29	0	29.3	24.6
2003	7	30	6	30.1	24.2
2003	7	31	0	30.7	25.2
2003	8	1	30	30.2	23.2
2003	8	2	6	30.5	23.9
2003	8	3	7	31.4	24.2
2003	8	4	0	32	25.2
2003	8	5	0	30.7	25
2003	8	6	2	30.3	24.5
2003	8	7	39	28.1	24.1
2003	8	8	20	27.4	24.2
2003	8	9	7	31	25.6
2003	8	10	10	32	24.7
2003	8	11	7	32.1	26
2003	8	12	0	30.8	26.1
2003	8	13	17	27.7	23.3
2003	8	14	7	27.2	24.4
2003	8	15	39	30.7	23
2003	8	16	7	32.5	24
2003	8	17	0	31.5	26.4
2003	8	18	8	29.8	23.5
2003	8	19	38	29	24.5
2003	8	20	16	29.4	24.7
2003	8	21	21	28	23
2003	8	22	59	30	22.5
2003	8	23	0	31.7	25.4
2003	8	24	11	30.9	25.4
2003	8	25	7	28	23.9
2003	8	26	4	30.6	22.8
2003	8	27	0	29	24.6
2003	8	28	44	26.6	22.7
2003	8	29	2	29.8	23
2003	8	30	30	30.3	22.6
2003	8	31	0	30.5	24.1
2003	9	1	9	29	22.8
2003	9	2	12	28.7	22
2003	9	3	0	30.2	22.3
2003	9	4	0	26.8	22.9
2003	9	5	0	31	23
2003	9	6	0	30	24.3
2003	9	7	39	28.9	22.4
2003	9	8	15	30.2	23.1
2003	9	9	12	29	23.7
2003	9	10	0	30	23.9
2003	9	11	17	29.7	23.3
2003	9	12	34	30.1	23
2003	9	13	8	29	23.1
2003	9	14	7	26	23.3
2003	9	15	17	28.5	23.5
2003	9	16	40	28.2	23.3
2003	9	17	17	29	24.2
2003	9	18	2	31.2	23.8
2003	9	19	0	31.4	23.8
2003	9	20	20	31.9	23.1
2003	9	21	0	31.9	24.4
2003	9	22	18	31.5	23.5
2003	9	23	0	30.4	23.9
2003	9	24	7	30.8	23.9
2003	9	25	4	32	24.7
2003	9	26	2	32.6	24
2003	9	27	0	31.7	24.3
2003	9	28	0	32.8	24.2
2003	9	29	5	33.2	24.8
2003	9	30	0	33	25.5
2003	10	1	0	29	25.9
2003	10	2	0	32.6	23.9
2003	10	3	0	32.6	25.1
2003	10	4	0	33	26.1
2003	10	5	0	32.9	26
2003	10	6	0	33	25.4
2003	10	7	9	27.3	22
2003	10	8	6	30	23.6
2003	10	9	21	31.2	24.5
2003	10	10	0	33.1	24.4
2003	10	11	6	33.3	24.3
2003	10	12	0	33.5	25.5
2003	10	13	0	33.9	25.2
2003	10	14	0	31.1	26.3
2003	10	15	0	27.5	25.4
2003	10	16	12	32.5	24.2
2003	10	17	0	32.2	24.2
2003	10	18	13	32.3	23.8
2003	10	19	0	32.9	24.1
2003	10	20	0	32.9	24
2003	10	21	0	30.9	25.6
2003	10	22	5	33.2	24.5
2003	10	23	2	32.4	23.3
2003	10	24	0	32.3	25
2003	10	25	0	32.6	24
2003	10	26	0	32.3	24.3
2003	10	27	8	32.2	24.2
2003	10	28	0	32.2	23.9
2003	10	29	0	33	25
2003	10	30	0	33.2	24.1
2003	10	31	0	32.7	23.8
2003	11	1	0	32.4	23.6
2003	11	2	0	32.6	24
2003	11	3	10	32.4	23.4
2003	11	4	0	32.7	23.8
2003	11	5	0	32	23.6
2003	11	6	0	32.3	22.7
2003	11	7	0	33	21.8
2003	11	8	0	32.5	20.7
2003	11	9	0	31.5	18.8
2003	11	10	0	31.5	19.2
2003	11	11	0	31.9	19.5
2003	11	12	0	32	21.7
2003	11	13	0	31.5	22.3
2003	11	14	0	31.8	22
2003	11	15	0	31.5	18.4
2003	11	16	0	32.1	22.2
2003	11	17	0	32.9	21.2
2003	11	18	0	32	20.5
2003	11	19	0	31.4	19.3
2003	11	20	0	31.4	17.4
2003	11	21	0	30.1	16.6
2003	11	22	0	30.1	18.4
2003	11	23	0	31.4	19.5
2003	11	24	0	31.6	20
2003	11	25	0	31.1	18.1
2003	11	26	0	31.5	19.3
2003	11	27	0	32.3	17.8
2003	11	28	0	32.6	20.3
2003	11	29	0	31	19.8
2003	11	30	0	30.7	17.2
2003	12	1	0	30.7	17
2003	12	2	0	30.7	16.3
2003	12	3	0	30	18.8
2003	12	4	0	30.2	15.3
2003	12	5	0	30	12.6
2003	12	6	0	30.5	13.5
2003	12	7	0	31	13.5
2003	12	8	0	30.5	14.4
2003	12	9	0	30.9	11
2003	12	10	0	30.4	11
2003	12	11	0	31	11
2003	12	12	0	30.2	11.5
2003	12	13	0	30	11.3
2003	12	14	0	30	11.5
2003	12	15	0	30.5	11
2003	12	16	0	29.8	11
2003	12	17	0	30	11.5
2003	12	18	0	30	11.5
2003	12	19	0	30.3	12
2003	12	20	0	30.5	13
2003	12	21	0	29.5	-99.9
2003	12	22	0	27.5	-99.9
2003	12	23	0	29.5	-99.9
2003	12	24	0	30.1	-99.9
2003	12	25	0	31	-99.9
2003	12	26	0	31	-99.9
2003	12	27	0	30.1	-99.9
2003	12	28	0	30	-99.9
2003	12	29	0	30.5	-99.9
2003	12	30	0	29	-99.9
2003	12	31	0	29.5	-99.9
2004	1	1	0	29.5	10.5
2004	1	2	0	29.5	10.5
2004	1	3	0	30.5	10.5
2004	1	4	0	30.5	10.6
2004	1	5	0	29.5	10.7
2004	1	6	0	29.5	19
2004	1	7	0	31	17.5
2004	1	8	0	30.4	10.8
2004	1	9	0	31	10.9
2004	1	10	0	30	10.8
2004	1	11	0	30	10.7
2004	1	12	0	29	10.9
2004	1	13	0	30.5	10.8
2004	1	14	0	31	10.7
2004	1	15	0	32.3	10.6
2004	1	16	0	30.5	10.5
2004	1	17	0	32	10.4
2004	1	18	0	32	10.5
2004	1	19	0	32.3	14.5
2004	1	20	0	31	14.5
2004	1	21	0	30	10.5
2004	1	22	0	32	15.5
2004	1	23	0	32.5	10.6
2004	1	24	0	33	10.8
2004	1	25	0	32	20
2004	1	26	0	31.5	20
2004	1	27	0	32	19
2004	1	28	0	32	19.5
2004	1	29	0	30.5	16
2004	1	30	0	30.6	16
2004	1	31	0	33.5	16.5
2004	2	1	0	32.5	17
2004	2	2	0	32.8	18.1
2004	2	3	0	33.4	18.8
2004	2	4	0	33.5	15
2004	2	5	0	33.5	14.9
2004	2	6	0	33	17.2
2004	2	7	0	32.5	16.5
2004	2	8	0	31.5	16.5
2004	2	9	0	33	18
2004	2	10	0	33.2	17.8
2004	2	11	0	32	19
2004	2	12	0	33	16.4
2004	2	13	0	33.5	17.5
2004	2	14	0	33	20
2004	2	15	0	32.5	19
2004	2	16	0	33.6	17
2004	2	17	0	32.5	15.8
2004	2	18	0	33.2	16
2004	2	19	0	33.6	18.2
2004	2	20	0	33.8	18.6
2004	2	21	0	32.8	18.3
2004	2	22	0	33.2	17
2004	2	23	0	33.8	16.8
2004	2	24	0	32.5	18
2004	2	25	0	32	17.3
2004	2	26	0	33	17.3
2004	2	27	0	32.3	20
2004	2	28	0	32.3	17
2004	2	29	0	33.5	17.5
2004	3	1	0	34.5	19
2004	3	2	0	35.1	19.8
2004	3	3	0	33	19.7
2004	3	4	0	34.5	20
2004	3	5	0	35.2	17.5
2004	3	6	0	33.8	19
2004	3	7	0	35	18.5
2004	3	8	0	33.5	22.3
2004	3	9	0	33.1	21.8
2004	3	10	0	35.8	20.5
2004	3	11	0	36.7	21.2
2004	3	12	0	37.5	21.3
2004	3	13	0	37.2	21
2004	3	14	0	38	21.3
2004	3	15	0	37	22.5
2004	3	16	0	37.1	23.2
2004	3	17	0	37	20.5
2004	3	18	0	36.3	20
2004	3	19	0	38.3	18.5
2004	3	20	0	37.2	19.5
2004	3	21	0	36.2	20.3
2004	3	22	0	36.2	20.5
2004	3	23	0	36.4	21.5
2004	3	24	0	36	21.5
2004	3	25	0	36	21.5
2004	3	26	0	36.4	21.6
2004	3	27	0	35.8	22.7
2004	3	28	0	36	22.5
2004	3	29	0	39	22.5
2004	3	30	0	36	23.5
2004	3	31	0	36.8	24
2004	4	1	0	37.4	22.5
2004	4	2	0	34.8	23
2004	4	3	0	36.5	24
2004	4	4	0	36.5	24
2004	4	5	0	36.5	23.5
2004	4	6	0	36	23.5
2004	4	7	0	35.5	22.8
2004	4	8	0	36.5	23
2004	4	9	0	36.5	23
2004	4	10	0	36.7	21.8
2004	4	11	0	38	22.8
2004	4	12	0	38.8	23.5
2004	4	13	0	37.8	23
2004	4	14	0	37	24
2004	4	15	0	36.5	23.5
2004	4	16	0	36.7	24.5
2004	4	17	0	36.5	23.5
2004	4	18	0	37	24.5
2004	4	19	0	36.5	25
2004	4	20	0	38.5	22
2004	4	21	0	39.5	25.7
2004	4	22	0	39.5	24.6
2004	4	23	0	40.3	24.5
2004	4	24	0	40.8	24.5
2004	4	25	0	39.5	24.5
2004	4	26	0	40	24.2
2004	4	27	0	40.3	25.5
2004	4	28	0	37.8	26
2004	4	29	0	36.8	22.5
2004	4	30	0	38	24.5
2004	5	1	0	39	25.5
2004	5	2	0	38.8	26
2004	5	3	0	38.7	26.2
2004	5	4	0	38	26.5
2004	5	5	0	38	27
2004	5	6	18	32.5	25.5
2004	5	7	58	29.3	23.8
2004	5	8	13	33.5	20.8
2004	5	9	15	33.2	20.8
2004	5	10	0	33.8	26
2004	5	11	0	29.5	20.8
2004	5	12	6	32.8	21.5
2004	5	13	16	32.7	24.8
2004	5	14	0	31.7	24.5
2004	5	15	31	32.5	25.5
2004	5	16	41	29.5	24.6
2004	5	17	0	28.8	24
2004	5	18	67	29.5	23.5
2004	5	19	20	29.5	24.6
2004	5	20	10	32.8	27.5
2004	5	21	0	33.3	27.5
2004	5	22	0	31.5	23.6
2004	5	23	28	32	23.5
2004	5	24	14	31	25
2004	5	25	0	32	24.2
2004	5	26	21	30	24.5
2004	5	27	0	38.5	24.5
2004	5	28	0	32.5	24.8
2004	5	29	0	30.7	25.2
2004	5	30	45	30.5	23.8
2004	5	31	34	29.5	23.5
2004	6	1	27	28	23.5
2004	6	2	9	29.5	23.3
2004	6	3	5	30.5	24.6
2004	6	4	0	30.2	24.5
2004	6	5	0	33	25.5
2004	6	6	0	32.8	25.6
2004	6	7	2	32.5	26
2004	6	8	14	30.8	25.2
2004	6	9	2	30.5	25.5
2004	6	10	0	31	25.5
2004	6	11	9	30.2	24.5
2004	6	12	10	30.2	23.5
2004	6	13	35	30.8	23.5
2004	6	14	58	31	23.3
2004	6	15	48	30	24.2
2004	6	16	9	30	24
2004	6	17	75	30	23.8
2004	6	18	33	28	22.5
2004	6	19	75	28.8	23.5
2004	6	20	13	32	23.5
2004	6	21	60	29.9	23.3
2004	6	22	0	32	25.6
2004	6	23	0	31.5	26.6
2004	6	24	4	29.2	25.5
2004	6	25	14	30.5	23.5
2004	6	26	9	31	23
2004	6	27	12	26.8	23.2
2004	6	28	5	36.5	23.5
2004	6	29	0	30.5	23.5
2004	6	30	4	31.5	24.5
2004	7	1	0	31.5	24.5
2004	7	2	2	30.5	25.6
2004	7	3	11	31.5	24.5
2004	7	4	3	31.7	26
2004	7	5	5	32	26
2004	7	6	70	31.5	24.6
2004	7	7	0	31.5	26
2004	7	8	14	30.8	24
2004	7	9	2	31.5	25.5
2004	7	10	7	30	24
2004	7	11	17	30	24
2004	7	12	50	33.5	23.5
2004	7	13	7	28.5	24
2004	7	14	13	28.3	23
2004	7	15	8	30	24.5
2004	7	16	3	31.5	24.2
2004	7	17	0	32	25.5
2004	7	18	0	31.8	26
2004	7	19	7	31.7	26
2004	7	20	1	32	26
2004	7	21	16	28.5	26
2004	7	22	7	29	25.5
2004	7	23	33	29.5	23
2004	7	24	5	27.5	24
2004	7	25	8	27.3	24.5
2004	7	26	30	28.2	24
2004	7	27	25	31.8	24.5
2004	7	28	52	30.5	23.6
2004	7	29	14	30.5	23.5
2004	7	30	9	28.5	23.5
2004	7	31	26	29.5	24.3
2004	8	1	0	29.5	24.5
2004	8	2	0	29.5	24.5
2004	8	3	55	29.5	23.5
2004	8	4	44	30	24
2004	8	5	19	27.5	23.5
2004	8	6	21	27.5	23.5
2004	8	7	6	30	25
2004	8	8	66	25.5	23
2004	8	9	5	28.5	24
2004	8	10	77	28.5	23
2004	8	11	55	27.5	23.8
2004	8	12	23	30.5	24
2004	8	13	15	27.8	25
2004	8	14	41	28.3	23.3
2004	8	15	16	27	23.8
2004	8	16	115	29.8	24
2004	8	17	35	30	23.8
2004	8	18	22	27.5	23.6
2004	8	19	69	27.5	24
2004	8	20	20	26.5	23.8
2004	8	21	24	29.5	24.6
2004	8	22	0	30	25
2004	8	23	29	30	23.5
2004	8	24	10	28.5	23.8
2004	8	25	7	30.5	24.5
2004	8	26	12	31.5	25
2004	8	27	2	30.5	26
2004	8	28	2	31.5	26
2004	8	29	6	33.2	26.3
2004	8	30	0	31.5	26
2004	8	31	1	32	26.2
2004	9	1	13	31.5	25.5
2004	9	2	12	32	24.5
2004	9	3	0	31	24.5
2004	9	4	0	29	24.8
2004	9	5	0	31.5	24.2
2004	9	6	0	31.5	25.3
2004	9	7	0	30	25.3
2004	9	8	0	27.5	24.8
2004	9	9	0	30.2	23.8
2004	9	10	20	29.5	24.2
2004	9	11	0	31	23.3
2004	9	12	9	30.5	23.5
2004	9	13	0	37.5	24.5
2004	9	14	65	25	24
2004	9	15	19	30	23.2
2004	9	16	10	30	24
2004	9	17	2	30.5	24
2004	9	18	2	29.8	24
2004	9	19	7	31.8	23.5
2004	9	20	0	30.5	24.5
2004	9	21	0	30.5	24.6
2004	9	22	0	31.5	24.5
2004	9	23	0	33	25
2004	9	24	0	31.5	25
2004	9	25	0	33.5	26
2004	9	26	0	33	25.5
2004	9	27	0	33.5	27
2004	9	28	0	32.5	25.5
2004	9	29	0	32.5	26.3
2004	9	30	0	33	25
2004	10	1	0	32.5	25
2004	10	2	37	29	23.2
2004	10	3	4	30.5	23.5
2004	10	4	0	32	24
2004	10	5	0	32.5	24
2004	10	6	0	33	25
2004	10	7	0	32.5	25
2004	10	8	0	33	24
2004	10	9	8	33.5	24.5
2004	10	10	0	33.5	25
2004	10	11	0	33	26.2
2004	10	12	0	29.5	25
2004	10	13	0	32	24
2004	10	14	20	31	23.8
2004	10	15	18	32.5	24.5
2004	10	16	0	32	24.5
2004	10	17	0	33	24.5
2004	10	18	0	32.5	25.5
2004	10	19	0	33.2	24.5
2004	10	20	2	33.5	24
2004	10	21	8	34	24
2004	10	22	0	30	25.5
2004	10	23	0	33	25.5
2004	10	24	0	32.5	23.5
2004	10	25	0	33	24
2004	10	26	0	32.5	24.5
2004	10	27	0	31	24.5
2004	10	28	0	31.5	22
2004	10	29	0	32	22.5
2004	10	30	0	32	24.5
2004	10	31	0	32	24
2004	11	1	0	32.5	24.5
2004	11	2	0	33	23.5
2004	11	3	0	33	23.5
2004	11	4	0	33.8	23.2
2004	11	5	0	33.5	22.5
2004	11	6	0	33.5	23
2004	11	7	0	33	22.6
2004	11	8	0	35.5	22.5
2004	11	9	0	35.5	23
2004	11	10	0	35	23
2004	11	11	0	33	21
2004	11	12	0	33	21
2004	11	13	0	33.5	23
2004	11	14	0	33.8	22
2004	11	15	0	32.5	21
2004	11	16	0	33.5	21
2004	11	17	0	33.5	21.8
2004	11	18	0	32.5	22
2004	11	19	0	32	22.5
2004	11	20	0	32	22.5
2004	11	21	0	32	24
2004	11	22	5	31.5	22
2004	11	23	0	31.5	21.5
2004	11	24	0	31.5	20.5
2004	11	25	0	31	21
2004	11	26	0	31	23.5
2004	11	27	0	32	23.5
2004	11	28	0	32	23.5
2004	11	29	0	29.5	23.5
2004	11	30	0	30.5	22
2004	12	1	0	31	22
2004	12	2	0	31	21.5
2004	12	3	0	30.5	19.5
2004	12	4	0	29.5	18.5
2004	12	5	0	31.5	18
2004	12	6	0	31.5	18
2004	12	7	0	30	21.5
2004	12	8	0	30	18.5
2004	12	9	0	30	17
2004	12	10	0	29.5	21
2004	12	11	0	29.5	17
2004	12	12	0	30	17
2004	12	13	0	29.5	19
2004	12	14	0	29.4	16
2004	12	15	0	29	15.6
2004	12	16	0	29	15
2004	12	17	0	28.5	16
2004	12	18	0	29.5	18
2004	12	19	0	30	18
2004	12	20	0	32	12.5
2004	12	21	0	31.5	15
2004	12	22	0	30.5	15.5
2004	12	23	0	29.5	16
2004	12	24	0	29.5	16.5
2004	12	25	0	29.5	17.5
2004	12	26	0	31	16
2004	12	27	0	30	15.5
2004	12	28	0	29	16.5
2004	12	29	0	31.5	15
2004	12	30	0	32	16.5
2004	12	31	0	30	14.5
2005	1	1	0	30.5	15.5
2005	1	2	0	30	15.5
2005	1	3	0	30	15
2005	1	4	0	30	14.5
2005	1	5	0	30	14.5
2005	1	6	0	30.5	15
2005	1	7	0	30.5	17.5
2005	1	8	0	30	17.5
2005	1	9	0	31	17.5
2005	1	10	0	31	15
2005	1	11	0	32	15.5
2005	1	12	0	27.5	16
2005	1	13	0	29	15.5
2005	1	14	0	29.5	15.2
2005	1	15	0	30.5	14.5
2005	1	16	0	31	14.6
2005	1	17	0	30	16
2005	1	18	0	31	18
2005	1	19	0	32	20
2005	1	20	0	32	16.5
2005	1	21	0	32.5	14.5
2005	1	22	0	30	15.5
2005	1	23	0	31	16.5
2005	1	24	0	32.5	16.5
2005	1	25	0	30	16.5
2005	1	26	0	31	16
2005	1	27	0	33	14
2005	1	28	0	31	16
2005	1	29	0	31.5	16
2005	1	30	0	31.5	16
2005	1	31	0	31.5	17
2005	2	1	0	33	17
2005	2	2	0	33.5	16
2005	2	3	0	33	15
2005	2	4	0	35	15
2005	2	5	0	34.5	18.5
2005	2	6	0	34.5	16
2005	2	7	0	32	16
2005	2	8	0	32.5	14.5
2005	2	9	0	33	12
2005	2	10	0	33	17
2005	2	11	0	33.5	16
2005	2	12	0	35	16
2005	2	13	0	32.5	10
2005	2	14	0	34.5	10
2005	2	15	0	34.2	10
2005	2	16	0	34.5	10
2005	2	17	0	35	10
2005	2	18	0	35	11
2005	2	19	0	34.5	15
2005	2	20	0	36	15
2005	2	21	0	34.5	14
2005	2	22	0	35	14
2005	2	23	0	35.5	16.5
2005	2	24	0	34.5	11.5
2005	2	25	0	35	11
2005	2	26	0	35	11
2005	2	27	0	33.5	10
2005	2	28	0	34.5	10
2005	3	1	0	35	10
2005	3	2	0	35	10
2005	3	3	0	32.5	12.5
2005	3	4	0	35	11.5
2005	3	5	0	33.5	13
2005	3	6	0	33	14.5
2005	3	7	0	34	13
2005	3	8	0	36	14
2005	3	9	0	35.5	13
2005	3	10	0	36.5	14
2005	3	11	0	34.5	13.5
2005	3	12	0	35.5	13.5
2005	3	13	0	35.8	13.5
2005	3	14	0	36	15
2005	3	15	0	33	15
2005	3	16	0	35.5	13
2005	3	17	0	36	12
2005	3	18	0	36	13
2005	3	19	0	36.5	15
2005	3	20	0	37	14
2005	3	21	0	38.2	13
2005	3	22	0	38.2	13
2005	3	23	0	37.5	12.5
2005	3	24	0	35.5	11.5
2005	3	25	0	36.8	15
2005	3	26	0	36	13
2005	3	27	0	36.5	14.5
2005	3	28	0	37	15
2005	3	29	0	36.8	13.5
2005	3	30	0	38	11
2005	3	31	0	38	15.5
2005	4	1	0	37.5	15
2005	4	2	0	38	15
2005	4	3	0	37	18
2005	4	4	0	33.5	18
2005	4	5	18	29.5	17
2005	4	6	0	34.5	15.2
2005	4	7	0	35.5	16
2005	4	8	0	37	16
2005	4	9	0	36.2	16
2005	4	10	3	36.5	17
2005	4	11	0	37.8	19
2005	4	12	0	38.5	17
2005	4	13	0	38.5	18.5
2005	4	14	3	38	17.5
2005	4	15	0	37.8	16
2005	4	16	0	37	15
2005	4	17	0	36.3	15
2005	4	18	0	36.5	16
2005	4	19	0	36.5	17
2005	4	20	0	38	17
2005	4	21	0	36.5	19
2005	4	22	0	37.5	17
2005	4	23	0	38	18.5
2005	4	24	0	38	18
2005	4	25	0	37.5	18
2005	4	26	0	37.5	18.5
2005	4	27	0	36.8	18.5
2005	4	28	0	37.5	19
2005	4	29	31	36	18
2005	4	30	0	37.8	18
2005	5	1	0	38	18.5
2005	5	2	0	38	18.5
2005	5	3	0	37	18.5
2005	5	4	0	37	16
2005	5	5	0	36	20
2005	5	6	7	35	20
2005	5	7	2	28	17
2005	5	8	12	34	17
2005	5	9	0	36.5	18.5
2005	5	10	0	34	20
2005	5	11	0	34.5	18
2005	5	12	40	33	18
2005	5	13	9	32.5	17.5
2005	5	14	7	35	18.5
2005	5	15	1	36.7	18
2005	5	16	0	36.5	20
2005	5	17	0	37.5	20
2005	5	18	0	35.8	20
2005	5	19	0	36.5	20
2005	5	20	0	36	20
2005	5	21	0	34.5	18.5
2005	5	22	29	36.3	17
2005	5	23	0	35.5	18
2005	5	24	0	35.5	19
2005	5	25	10	32.2	18.5
2005	5	26	0	31	20
2005	5	27	6	31.5	18
2005	5	28	3	33.5	17
2005	5	29	47	34	19
2005	5	30	0	31.8	20
2005	5	31	0	30	18
2005	6	1	1	29.5	18.5
2005	6	2	21	30.5	18
2005	6	3	26	30	17
2005	6	4	40	27.2	17.5
2005	6	5	10	32.5	18
2005	6	6	0	34	20
2005	6	7	30	32.8	20
2005	6	8	0	32	20
2005	6	9	0	29	19
2005	6	10	11	28	18
2005	6	11	4	32	18
2005	6	12	10	31	19.5
2005	6	13	14	32	19
2005	6	14	10	32	19
2005	6	15	0	31.5	21
2005	6	16	10	32	19
2005	6	17	19	29	18.5
2005	6	18	11	29	17.5
2005	6	19	0	32.5	19
2005	6	20	25	31	19
2005	6	21	19	31.5	19
2005	6	22	8	32.5	19
2005	6	23	0	31	19
2005	6	24	19	31	19
2005	6	25	9	29	17.5
2005	6	26	33	30	17
2005	6	27	2	32	20
2005	6	28	14	30	17
2005	6	29	18	30.5	17
2005	6	30	12	29.5	17
2005	7	1	18	28	17
2005	7	2	9	30	17.5
2005	7	3	45	30	16.5
2005	7	4	14	30	17
2005	7	5	29	30	17.5
2005	7	6	50	30	17.5
2005	7	7	32	30	17.5
2005	7	8	10	30	17
2005	7	9	0	27.5	18
2005	7	10	2	32	20
2005	7	11	1	31	20.5
2005	7	12	2	32.5	19
2005	7	13	12	28	19.5
2005	7	14	4	31	21
2005	7	15	4	31.8	20
2005	7	16	0	31.5	19.5
2005	7	17	0	33	21
2005	7	18	2	33.5	20.5
2005	7	19	0	31.5	21
2005	7	20	2	30.5	20.5
2005	7	21	2	30	18.5
2005	7	22	19	29	19.5
2005	7	23	19	28.5	19
2005	7	24	60	26.5	19.5
2005	7	25	15	30.5	18
2005	7	26	18	27.5	19
2005	7	27	110	27	19
2005	7	28	19	29.5	19
2005	7	29	31	29.5	19.5
2005	7	30	48	29	18
2005	7	31	40	28.5	19.5
2005	8	1	22	27.5	18
2005	8	2	63	27	18
2005	8	3	33	27.5	18
2005	8	4	8	29	18
2005	8	5	8	29.5	18.5
2005	8	6	1	31	20
2005	8	7	7	31	21
2005	8	8	4	30	20
2005	8	9	42	29	19.5
2005	8	10	25	28.8	20
2005	8	11	7	28	20
2005	8	12	20	32	19
2005	8	13	1	30.5	20
2005	8	14	9	30.5	20.5
2005	8	15	33	30	19.5
2005	8	16	9	30.5	19.5
2005	8	17	9	30	19.5
2005	8	18	4	28.5	19.5
2005	8	19	50	29	19.5
2005	8	20	15	29	18
2005	8	21	0	31	21
2005	8	22	3	30.5	21
2005	8	23	17	28	19
2005	8	24	7	30	19
2005	8	25	4	32	19
2005	8	26	0	31.5	20.5
2005	8	27	0	32.8	20
2005	8	28	0	32.8	21
2005	8	29	0	31	21
2005	8	30	8	31.5	19.5
2005	8	31	0	32	19
2005	9	1	65	31.8	18.5
2005	9	2	3	31.5	18
2005	9	3	0	31.5	18
2005	9	4	3	31	18.5
2005	9	5	7	32	18.5
2005	9	6	7	31.5	19
2005	9	7	8	29	19
2005	9	8	3	29.5	18
2005	9	9	4	30.5	18
2005	9	10	0	30.5	18.5
2005	9	11	3	28	18
2005	9	12	7	27.5	18
2005	9	13	15	28.5	19
2005	9	14	0	30.5	18
2005	9	15	48	26.8	18.5
2005	9	16	44	28.5	17.5
2005	9	17	12	30.5	18.5
2005	9	18	4	32.5	18.5
2005	9	19	0	30.5	19.5
2005	9	20	22	27.5	18
2005	9	21	3	28	18.5
2005	9	22	29	31.5	17.5
2005	9	23	0	31	18
2005	9	24	3	32	18.5
2005	9	25	0	32.5	19
2005	9	26	0	32	19
2005	9	27	0	32	18
2005	9	28	0	31.5	18.5
2005	9	29	16	28.5	17
2005	9	30	2	29	17.5
2005	10	1	13	31.5	17
2005	10	2	0	33.5	16
2005	10	3	0	33.5	17
2005	10	4	0	32.5	17
2005	10	5	5	32	16
2005	10	6	0	32	16
2005	10	7	0	32.5	17
2005	10	8	0	32.5	17
2005	10	9	1	31.5	16.5
2005	10	10	0	32	16.5
2005	10	11	0	34	16.5
2005	10	12	0	34	16
2005	10	13	0	34	17
2005	10	14	0	34	16.5
2005	10	15	0	33	16.5
2005	10	16	0	33.8	17
2005	10	17	0	32	16
2005	10	18	0	33	16
2005	10	19	0	32.5	16
2005	10	20	0	33.5	16.5
2005	10	21	0	35	16
2005	10	22	0	34	16.5
2005	10	23	0	33.5	16.5
2005	10	24	0	32.5	16.5
2005	10	25	0	30.4	16
2005	10	26	0	29.5	16.5
2005	10	27	27	27	16
2005	10	28	45	30.5	16
2005	10	29	5	33	15.5
2005	10	30	0	34	16.6
2005	10	31	9	33	16.5
2005	11	1	4	31.8	16.5
2005	11	2	12	32.5	16
2005	11	3	0	30	16.5
2005	11	4	0	30.5	17
2005	11	5	5	31.5	15.5
2005	11	6	0	29.5	15.5
2005	11	7	0	31.5	17
2005	11	8	0	31	17
2005	11	9	2	30	18
2005	11	10	22	31	13.5
2005	11	11	0	30	15
2005	11	12	0	31.5	14
2005	11	13	0	32.5	13.5
2005	11	14	0	32.5	13.5
2005	11	15	0	32	11
2005	11	16	0	31.5	11.5
2005	11	17	0	33.2	12
2005	11	18	0	33.5	13
2005	11	19	0	32.5	13
2005	11	20	0	32.5	13.5
2005	11	21	0	31	12.5
2005	11	22	0	30.5	12.5
2005	11	23	0	30.5	11
2005	11	24	0	30	11
2005	11	25	0	31	12
2005	11	26	0	31	12
2005	11	27	0	31	13
2005	11	28	0	31	12
2005	11	29	0	31	13
2005	11	30	0	31	13
2005	12	1	0	31.5	13
2005	12	2	0	31	13
2005	12	3	0	30.5	13
2005	12	4	0	32	13
2005	12	5	0	32.5	13
2005	12	6	22	30	12
2005	12	7	12	27.5	12.5
2005	12	8	0	31	13.5
2005	12	9	0	30.5	14
2005	12	10	0	31	12.5
2005	12	11	0	31	13
2005	12	12	0	30.5	13
2005	12	13	0	30.5	13.5
2005	12	14	0	31	13.5
2005	12	15	0	30	13.5
2005	12	16	0	30	13
2005	12	17	0	30.5	13.5
2005	12	18	0	30	14
2005	12	19	0	29	13.5
2005	12	20	0	28.5	13
2005	12	21	0	29	13
2005	12	22	0	25	15
2005	12	23	0	27	15
2005	12	24	0	27	13.5
2005	12	25	67	22.5	13
2005	12	26	12	27	13
2005	12	27	17	27	14
2005	12	28	0	27.5	13.5
2005	12	29	0	28	14
2005	12	30	0	28	13.5
2005	12	31	0	27.5	14
2006	1	1	0	28.5	14
2006	1	2	0	28	14.5
2006	1	3	0	28	14
2006	1	4	0	28.5	14
2006	1	5	0	29.5	14
2006	1	6	0	29.5	13.5
2006	1	7	0	30.5	14.5
2006	1	8	0	30.5	14.5
2006	1	9	0	30	14
2006	1	10	0	30	14
2006	1	11	0	30	13
2006	1	12	0	30	13
2006	1	13	0	30	13
2006	1	14	0	31	13
2006	1	15	0	30	13
2006	1	16	0	30.5	13
2006	1	17	0	29.5	12
2006	1	18	0	29.5	12
2006	1	19	0	30	12
2006	1	20	0	30.5	12
2006	1	21	0	30	13
2006	1	22	0	31.5	13
2006	1	23	0	31	13.5
2006	1	24	0	30.5	13.5
2006	1	25	0	30.5	13
2006	1	26	0	30	14
2006	1	27	0	30	13.5
2006	1	28	0	30	13
2006	1	29	0	31	12
2006	1	30	0	31	13
2006	1	31	0	31.5	12.5
2006	2	1	0	32	13
2006	2	2	0	32	13
2006	2	3	0	33.5	13.5
2006	2	4	0	33.5	14
2006	2	5	0	31.5	14
2006	2	6	0	31	14
2006	2	7	0	31.8	14
2006	2	8	0	31	14
2006	2	9	0	31	14
2006	2	10	0	32	14
2006	2	11	0	32	14
2006	2	12	0	32.5	14
2006	2	13	0	32.5	14
2006	2	14	0	33.5	14
2006	2	15	0	33	15.5
2006	2	16	0	33	15.5
2006	2	17	0	33.5	16
2006	2	18	0	35	16
2006	2	19	0	33.5	16
2006	2	20	0	35	16
2006	2	21	0	35	15.5
2006	2	22	0	34.5	14
2006	2	23	0	35	15
2006	2	24	0	35	14
2006	2	25	0	34	14
2006	2	26	0	35	14
2006	2	27	0	35	14.5
2006	2	28	0	33.5	14.5
2006	3	1	0	33.5	13
2006	3	2	0	33.5	13
2006	3	3	0	34	13
2006	3	4	0	33.5	15
2006	3	5	0	33	15
2006	3	6	0	33.5	14
2006	3	7	0	35.5	14
2006	3	8	0	35.5	14
2006	3	9	0	35.5	15
2006	3	10	0	36	15
2006	3	11	0	36	15
2006	3	12	0	35.5	14
2006	3	13	0	36	14
2006	3	14	0	34.5	14
2006	3	15	0	34.5	14
2006	3	16	0	36	15
2006	3	17	0	35.5	15
2006	3	18	0	35.5	14
2006	3	19	0	36	14
2006	3	20	0	37	14
2006	3	21	0	35.5	14
2006	3	22	0	36	14
2006	3	23	0	35	13
2006	3	24	0	35.5	15
2006	3	25	0	36	15
2006	3	26	0	36	15
2006	3	27	0	36	15
2006	3	28	0	36	15
2006	3	29	0	36	15
2006	3	30	0	29	16
2006	3	31	0	35.5	14
2006	4	1	0	34.5	15
2006	4	2	0	34.5	15
2006	4	3	0	34.5	14
2006	4	4	0	34.5	14
2006	4	5	0	35.5	14
2006	4	6	0	36	15
2006	4	7	0	36.5	15
2006	4	8	0	37	15
2006	4	9	0	37	15
2006	4	10	0	37	15
2006	4	11	0	37	16
2006	4	12	0	37	17
2006	4	13	0	37	17
2006	4	14	0	36	17.5
2006	4	15	0	36.5	16
2006	4	16	0	36	17.5
2006	4	17	0	36.5	16
2006	4	18	17	35	15
2006	4	19	0	34	15
2006	4	20	0	36	16
2006	4	21	11	35.5	17
2006	4	22	0	36	16
2006	4	23	0	36	17
2006	4	24	0	36.5	17
2006	4	25	0	35	17
2006	4	26	0	31	17
2006	4	27	19	33	16.5
2006	4	28	8	32	16
2006	4	29	117	27	16
2006	4	30	7	31.5	17
2006	5	1	0	32	16
2006	5	2	24	34	16
2006	5	3	0	34.5	16
2006	5	4	0	35	17
2006	5	5	0	35.5	16
2006	5	6	0	34.5	16
2006	5	7	0	35	16.5
2006	5	8	1	34	17
2006	5	9	1	35	17
2006	5	10	0	34.5	17
2006	5	11	0	33	17
2006	5	12	20	32.5	16
2006	5	13	0	33	16
2006	5	14	0	31.5	17
2006	5	15	0	31	16
2006	5	16	7	32	17
2006	5	17	3	30.5	16
2006	5	18	0	30	16
2006	5	19	0	32	17
2006	5	20	0	31	15.5
2006	5	21	36	28.5	16
2006	5	22	0	32.5	17
2006	5	23	1	31.5	16
2006	5	24	16	29.5	17
2006	5	25	6	32	17
2006	5	26	0	32.5	17
2006	5	27	0	32.5	16
2006	5	28	4	32	16
2006	5	29	0	32	17
2006	5	30	10	31	17
2006	5	31	21	28.5	14
2006	6	1	12	28	14
2006	6	2	37	29	16
2006	6	3	2	30.5	16
2006	6	4	0	30	16
2006	6	5	22	32	16
2006	6	6	0	32.5	16
2006	6	7	17	32	16
2006	6	8	0	32	17
2006	6	9	40	32	17
2006	6	10	18	31	17
2006	6	11	8	32	16
2006	6	12	5	30	16
2006	6	13	4	30.5	16
2006	6	14	2	32.5	14
2006	6	15	1	32	17
2006	6	16	77	31.8	16
2006	6	17	22	32	16
2006	6	18	0	33.5	15
2006	6	19	3	32	17
2006	6	20	0	32	16
2006	6	21	16	29	16
2006	6	22	16	32.5	15
2006	6	23	2	32.5	15
2006	6	24	11	31.5	14.5
2006	6	25	7	31	15
2006	6	26	2	32	16
2006	6	27	17	31	15
2006	6	28	5	31	15
2006	6	29	22	30	15
2006	6	30	35	28.5	15
2006	7	1	16	31	16
2006	7	2	12	31	16
2006	7	3	127	28	15
2006	7	4	25	30	16
2006	7	5	28	30	15
2006	7	6	4	29	16
2006	7	7	5	30	16
2006	7	8	11	29	16
2006	7	9	20	29.5	16
2006	7	10	4	31.5	16
2006	7	11	19	27.5	16
2006	7	12	10	31	16
2006	7	13	0	30	16
2006	7	14	7	30	16
2006	7	15	18	26	15
2006	7	16	13	30.5	16
2006	7	17	32	29.5	16
2006	7	18	23	30	16
2006	7	19	40	30	16
2006	7	20	33	28	15.5
2006	7	21	28	30	16.5
2006	7	22	9	30.5	16.5
2006	7	23	0	31.8	16
2006	7	24	3	32	16.5
2006	7	25	2	30.5	17
2006	7	26	15	28	16
2006	7	27	22	29.8	15.5
2006	7	28	21	29.5	16
2006	7	29	10	30	16.5
2006	7	30	23	30	15.5
2006	7	31	42	28	15.5
2006	8	1	32	28.5	15.5
2006	8	2	11	29.3	15
2006	8	3	85	27	14
2006	8	4	47	28	15.5
2006	8	5	1	31	15.5
2006	8	6	4	32	16
2006	8	7	0	32	15
2006	8	8	0	30	16
2006	8	9	2	30	15
2006	8	10	1	29	15
2006	8	11	22	28	14
2006	8	12	54	29.5	16
2006	8	13	44	28.3	16.5
2006	8	14	77	26	16.5
2006	8	15	26	28	16.5
2006	8	16	25	29.8	16
2006	8	17	52	27.5	16
2006	8	18	12	30	15.5
2006	8	19	46	28	16
2006	8	20	28	30	15
2006	8	21	4	30.5	15
2006	8	22	3	28.5	16
2006	8	23	37	30	16
2006	8	24	31	30	16
2006	8	25	5	30	16
2006	8	26	22	30	16
2006	8	27	0	28.5	15
2006	8	28	20	29.5	15.5
2006	8	29	6	31.5	16
2006	8	30	22	28.5	16
2006	8	31	4	28.5	16
2006	9	1	0	29	16
2006	9	2	6	29.8	16
2006	9	3	17	28.5	15.5
2006	9	4	8	30.5	14
2006	9	5	12	33	15
2006	9	6	0	33	16
2006	9	7	0	33	17
2006	9	8	0	29.8	16
2006	9	9	0	32.5	16
2006	9	10	0	32.5	16
2006	9	11	0	31.5	15
2006	9	12	5	30.5	15
2006	9	13	6	31	16
2006	9	14	3	30.5	15
2006	9	15	6	31	16
2006	9	16	27	28.5	15
2006	9	17	11	29	15
2006	9	18	71	29	15.5
2006	9	19	18	29	16
2006	9	20	22	30	15
2006	9	21	18	27.5	16
2006	9	22	10	28	16
2006	9	23	20	31	15
2006	9	24	3	32	16
2006	9	25	0	32	16
2006	9	26	0	28.5	16.5
2006	9	27	30	27.5	15.5
2006	9	28	16	30.5	16
2006	9	29	8	29	16.5
2006	9	30	14	31	16
2006	10	1	10	32.5	15.5
2006	10	2	0	32.5	16
2006	10	3	4	30	16
2006	10	4	3	31	16.5
2006	10	5	8	30.5	15
2006	10	6	3	29.5	16
2006	10	7	39	28	15
2006	10	8	25	28.5	16
2006	10	9	3	32	16
2006	10	10	0	32	15
2006	10	11	5	32.5	15
2006	10	12	0	33	15
2006	10	13	0	33	15
2006	10	14	0	33	15.5
2006	10	15	0	33.5	15
2006	10	16	0	34	15
2006	10	17	0	33.5	14
2006	10	18	0	34	15
2006	10	19	0	34	15
2006	10	20	0	33	14.5
2006	10	21	0	33	15
2006	10	22	0	33	15.5
2006	10	23	0	33	14.5
2006	10	24	0	33	14
2006	10	25	17	33	13.5
2006	10	26	0	33	16
2006	10	27	0	33.5	16
2006	10	28	0	33	15.5
2006	10	29	1	32.8	14
2006	10	30	0	33.5	14
2006	10	31	0	33	14
2006	11	1	0	33	14
2006	11	2	0	33	14
2006	11	3	0	33	13
2006	11	4	0	33	13
2006	11	5	0	33	13
2006	11	6	0	33	13
2006	11	7	0	32.5	15.5
2006	11	8	4	32	14
2006	11	9	0	32	13
2006	11	10	0	32	14
2006	11	11	0	33	13
2006	11	12	7	32.5	15
2006	11	13	1	32	13
2006	11	14	0	33	13
2006	11	15	0	33	14
2006	11	16	0	33	13
2006	11	17	0	33	14
2006	11	18	0	33.5	14
2006	11	19	0	34	13.5
2006	11	20	0	34.5	13
2006	11	21	0	33	12
2006	11	22	0	32	11
2006	11	23	0	33.5	10
2006	11	24	0	32	10
2006	11	25	0	32	10
2006	11	26	0	32	10
2006	11	27	0	31	10
2006	11	28	0	30	10
2006	11	29	0	30.5	10
2006	11	30	0	30.5	9
2006	12	1	0	30.5	13
2006	12	2	0	30	13
2006	12	3	0	30	10
2006	12	4	0	30	10
2006	12	5	0	31	10
2006	12	6	0	31	9
2006	12	7	0	31	10
2006	12	8	0	32.5	9
2006	12	9	0	32.5	10
2006	12	10	0	32.5	9
2006	12	11	0	31.5	10
2006	12	12	0	31.5	10
2006	12	13	0	31	10
2006	12	14	0	31	9
2006	12	15	0	32	9
2006	12	16	0	31	10
2006	12	17	0	30	11
2006	12	18	0	30	10
2006	12	19	0	29	10
2006	12	20	0	29	9
2006	12	21	0	29	9
2006	12	22	0	28.5	9
2006	12	23	0	28.5	8
2006	12	24	0	28	7
2006	12	25	0	29	9
2006	12	26	0	28.5	7
2006	12	27	0	28	7
2006	12	28	0	29.5	7
2006	12	29	0	29.5	10
2006	12	30	0	29	10
2006	12	31	0	30	9
2007	1	1	0	28.5	9
2007	1	2	0	29.5	9
2007	1	3	0	29	9
2007	1	4	0	29.5	9
2007	1	5	0	30	9
2007	1	6	0	30	10
2007	1	7	0	29.5	13
2007	1	8	0	31.5	11
2007	1	9	0	31	10
2007	1	10	0	31.5	10
2007	1	11	0	32	10
2007	1	12	0	31.5	8
2007	1	13	0	31.5	8
2007	1	14	0	32	8
2007	1	15	0	31.5	8
2007	1	16	0	32.5	7
2007	1	17	0	31.5	8
2007	1	18	0	31.5	9
2007	1	19	0	31.5	9
2007	1	20	0	32	9
2007	1	21	0	32	8
2007	1	22	0	30.5	8
2007	1	23	0	30.5	8
2007	1	24	0	30.5	10
2007	1	25	0	31.5	13
2007	1	26	0	32.5	9
2007	1	27	0	32	11
2007	1	28	0	32	10
2007	1	29	0	31	13
2007	1	30	0	30.5	11
2007	1	31	0	31	11
2007	2	1	0	30.5	10
2007	2	2	0	30	10
2007	2	3	0	29	9
2007	2	4	0	30	9
2007	2	5	0	31	9
2007	2	6	0	30.5	8
2007	2	7	0	31	10
2007	2	8	0	30.5	11
2007	2	9	0	32.5	12
2007	2	10	0	32.5	13
2007	2	11	0	32.5	14
2007	2	12	0	33.5	11
2007	2	13	0	34	11
2007	2	14	0	34.5	8
2007	2	15	0	32.5	10
2007	2	16	0	32.5	11
2007	2	17	0	32	10
2007	2	18	0	32.5	11
2007	2	19	0	32.5	10
2007	2	20	0	32.5	10
2007	2	21	0	33	10
2007	2	22	0	34	11
2007	2	23	0	35.5	11
2007	2	24	0	36.5	12
2007	2	25	0	36	14
2007	2	26	0	35.5	13
2007	2	27	0	34	13
2007	2	28	0	34	11
2007	3	1	0	34.5	10
2007	3	2	0	34.5	8
2007	3	3	0	32.5	11
2007	3	4	0	35	11
2007	3	5	0	34.5	13
2007	3	6	0	34.5	11
2007	3	7	0	33.5	9
2007	3	8	0	33	10
2007	3	9	0	32.5	9
2007	3	10	0	35	9
2007	3	11	0	36	11
2007	3	12	0	36.5	11
2007	3	13	0	36.5	13
2007	3	14	0	36.5	15
2007	3	15	0	38	15
2007	3	16	0	36.5	13
2007	3	17	0	36.5	14
2007	3	18	0	35	11
2007	3	19	0	35.5	13
2007	3	20	0	34	14
2007	3	21	0	34	14
2007	3	22	0	35	14
2007	3	23	0	36	14
2007	3	24	0	36	15
2007	3	25	0	36	16
2007	3	26	0	35	15
2007	3	27	0	35	14
2007	3	28	0	36.5	14
2007	3	29	0	36.5	14
2007	3	30	0	37	16
2007	3	31	0	38.5	17
2007	4	1	0	39	16
2007	4	2	0	38	15
2007	4	3	0	38	16
2007	4	4	0	36.5	16
2007	4	5	0	37	16
2007	4	6	0	38.5	16
2007	4	7	0	38	16
2007	4	8	0	38.5	16
2007	4	9	0	38	15
2007	4	10	0	37.5	15
2007	4	11	0	37	16
2007	4	12	0	36	17
2007	4	13	0	36	16
2007	4	14	0	34.5	17
2007	4	15	0	34	17
2007	4	16	0	35	18
2007	4	17	0	36	17
2007	4	18	0	37.5	17
2007	4	19	0	37.5	18
2007	4	20	0	38	17
2007	4	21	0	39	18
2007	4	22	0	38	18
2007	4	23	0	38.5	18
2007	4	24	0	39	18
2007	4	25	0	39	19
2007	4	26	0	38	19
2007	4	27	0	38.5	18
2007	4	28	0	38	18
2007	4	29	0	36.5	17
2007	4	30	0	37	17
2007	5	1	0	36.5	17
2007	5	2	0	37	25
2007	5	3	0	30	25
2007	5	4	60	26	23
2007	5	5	212	28.5	25
2007	5	6	0	31.5	25
2007	5	7	18	28.8	25
2007	5	8	16	32	25
2007	5	9	4	31.5	25
2007	5	10	3	33	25
2007	5	11	0	33	26
2007	5	12	2	32	25
2007	5	13	19	31	25
2007	5	14	52	27	25
2007	5	15	41	30	25
2007	5	16	0	30.5	26
2007	5	17	9	30	26
2007	5	18	5	31	26
2007	5	19	4	30	25.5
2007	5	20	50	29.5	26
2007	5	21	12	29	26
2007	5	22	8	31	25
2007	5	23	7	32	24
2007	5	24	11	32	24
2007	5	25	0	34	26
2007	5	26	0	34	26
2007	5	27	14	35	27
2007	5	28	0	35	27
2007	5	29	0	35	27
2007	5	30	7	32	25
2007	5	31	30	31	25
2007	6	1	29	32.5	23.5
2007	6	2	0	32.5	23.5
2007	6	3	0	33	26
2007	6	4	0	33	26
2007	6	5	0	34	25
2007	6	6	0	31.5	24.5
2007	6	7	10	32	25
2007	6	8	6	33	26
2007	6	9	10	33.5	24.5
2007	6	10	30	34	25.5
2007	6	11	13	34	26
2007	6	12	27	33	26
2007	6	13	3	32	26.5
2007	6	14	6	34	28
2007	6	15	0	32.5	24
2007	6	16	33	33.5	26
2007	6	17	15	34	26
2007	6	18	25	34	25
2007	6	19	0	33	26.5
2007	6	20	6	32.5	27
2007	6	21	18	32.5	25
2007	6	22	0	32	25
2007	6	23	8	35.5	25
2007	6	24	2	35	25
2007	6	25	7	34.5	26
2007	6	26	135	33	25
2007	6	27	26	28	25
2007	6	28	24	30.5	23
2007	6	29	57	27	22.5
2007	6	30	9	30	24
2007	7	1	78	33	25
2007	7	2	6	30	25
2007	7	3	8	30.5	24.5
2007	7	4	110	30	25
2007	7	5	100	30	25
2007	7	6	40	29.5	26
2007	7	7	168	27	24
2007	7	8	55	30	24
2007	7	9	3	28	24
2007	7	10	0	29	24.5
2007	7	11	5	32.5	24
2007	7	12	0	32	24
2007	7	13	11	29	24
2007	7	14	44	30.5	24.5
2007	7	15	79	29	24
2007	7	16	4	31	24
2007	7	17	10	32.5	25
2007	7	18	3	32	26
2007	7	19	19	31.5	25
2007	7	20	20	28.5	25
2007	7	21	3	28.5	24.5
2007	7	22	28	28	24
2007	7	23	0	31	24
2007	7	24	28	33	24
2007	7	25	23	33.5	24
2007	7	26	0	34	24
2007	7	27	0	34	24
2007	7	28	0	34	24
2007	7	29	0	36	24
2007	7	30	1	33	25
2007	7	31	2	33	24
2007	8	1	3	30.5	24
2007	8	2	0	31	23
2007	8	3	20	30	21
2007	8	4	7	31	24
2007	8	5	20	28.5	23
2007	8	6	9	31	23
2007	8	7	29	30.5	23
2007	8	8	9	29	25
2007	8	9	0	30.5	24
2007	8	10	4	29.5	23
2007	8	11	25	30.5	23
2007	8	12	2	31.5	24
2007	8	13	5	32	25
2007	8	14	0	32.5	25
2007	8	15	20	32.5	25
2007	8	16	9	31	25
2007	8	17	0	30	25
2007	8	18	19	29	23
2007	8	19	4	29	23
2007	8	20	3	33	26
2007	8	21	3	32.5	23
2007	8	22	5	33	23
2007	8	23	4	32	24
2007	8	24	15	32	23
2007	8	25	30	31	25
2007	8	26	42	31	23
2007	8	27	36	32.5	23
2007	8	28	0	33.5	23
2007	8	29	91	32.5	24
2007	8	30	10	31.5	23
2007	8	31	7	31	23
2007	9	1	20	29	23
2007	9	2	27	31	23
2007	9	3	7	29.5	24
2007	9	4	48	27	24
2007	9	5	2	31	23
2007	9	6	52	30.5	23
2007	9	7	27	30.5	22.5
2007	9	8	0	32.5	23
2007	9	9	0	34	23.5
2007	9	10	43	29	23
2007	9	11	42	30.5	23
2007	9	12	24	29.5	24
2007	9	13	4	31	22
2007	9	14	0	32.5	22
2007	9	15	0	34	23
2007	9	16	0	34	23
2007	9	17	2	34	24
2007	9	18	7	33.5	24
2007	9	19	7	28.5	23
2007	9	20	48	26	22
2007	9	21	59	25.5	22
2007	9	22	80	27.8	21
2007	9	23	19	29	21
2007	9	24	0	31.5	21
2007	9	25	2	33.5	21.5
2007	9	26	0	33.5	23
2007	9	27	0	33	24
2007	9	28	33	32	22
2007	9	29	15	31	23
2007	9	30	0	30.5	23
2007	10	1	11	33	21.5
2007	10	2	0	33.5	22
2007	10	3	2	33	23
2007	10	4	0	33	23
2007	10	5	5	29.5	22
2007	10	6	16	29	22
2007	10	7	19	29.5	23
2007	10	8	0	32	22
2007	10	9	18	30.5	21
2007	10	10	0	34.5	23
2007	10	11	4	32.5	22
2007	10	12	16	31.5	22
2007	10	13	4	27.5	22
2007	10	14	12	32.5	21
2007	10	15	0	32.5	22
2007	10	16	0	33.5	21
2007	10	17	16	33	22
2007	10	18	0	34.5	22
2007	10	19	0	35	22
2007	10	20	3	35.5	23
2007	10	21	0	32.5	23
2007	10	22	0	35	22
2007	10	23	0	35	22
2007	10	24	0	33	22
2007	10	25	0	32.5	22
2007	10	26	0	33.5	21.5
2007	10	27	0	33	22
2007	10	28	0	35.5	22.5
2007	10	29	2	35.5	21.5
2007	10	30	18	34.5	21.5
2007	10	31	0	34	22
2007	11	1	0	33	22
2007	11	2	0	33	21
2007	11	3	0	34	22
2007	11	4	2	31.5	21.5
2007	11	5	11	32.5	21
2007	11	6	0	34	21
2007	11	7	0	33.5	21.5
2007	11	8	0	32.5	21.5
2007	11	9	0	33	21.5
2007	11	10	0	33.5	19.5
2007	11	11	0	31.5	19.5
2007	11	12	0	33	19.5
2007	11	13	0	33.5	22.5
2007	11	14	0	33	22.5
2007	11	15	27	32.5	21
2007	11	16	0	30.5	19
2007	11	17	0	32	20
2007	11	18	0	31	19.5
2007	11	19	0	30.5	20
2007	11	20	2	32	21
2007	11	21	0	32	21
2007	11	22	9	32.5	21
2007	11	23	0	30.5	21
2007	11	24	0	30.5	21
2007	11	25	0	32	17
2007	11	26	0	30.5	16
2007	11	27	0	31	16
2007	11	28	0	31	15.5
2007	11	29	0	30.5	15.5
2007	11	30	0	30.5	15.5
2007	12	1	0	29.5	13.5
2007	12	2	0	31	14
2007	12	3	0	30	13.5
2007	12	4	0	31.5	13
2007	12	5	0	31	16
2007	12	6	0	30	16
2007	12	7	0	30	16.5
2007	12	8	0	31	15.5
2007	12	9	0	31.5	16
2007	12	10	0	30.5	17.5
2007	12	11	0	31	14.5
2007	12	12	0	30	16.5
2007	12	13	0	30	10.5
2007	12	14	0	30	11
2007	12	15	0	31.5	11.5
2007	12	16	0	31	18.5
2007	12	17	0	32.5	18.5
2007	12	18	0	31	18
2007	12	19	0	32	17
2007	12	20	0	33.5	16
2007	12	21	0	36	16
2007	12	22	0	34	13
2007	12	23	0	30.5	10.5
2007	12	24	0	30	9
2007	12	25	0	29.5	9
2007	12	26	0	30	12
2007	12	27	0	32	12
2007	12	28	0	30.5	12
2007	12	29	0	31	12
2007	12	30	0	32	11.5
2007	12	31	0	31	14
2008	1	1	0	32	16
2008	1	2	0	30	15
2008	1	3	0	29.5	13
2008	1	4	0	30	11
2008	1	5	0	30.5	13.5
2008	1	6	0	31	13.5
2008	1	7	0	30	15
2008	1	8	0	30	13
2008	1	9	0	31	12
2008	1	10	0	33.5	12
2008	1	11	0	34.5	11.5
2008	1	12	0	32.5	13
2008	1	13	0	31.5	13
2008	1	14	0	31.5	10
2008	1	15	0	32.5	10.5
2008	1	16	0	32.5	10.5
2008	1	17	0	34	11
2008	1	18	0	34	13
2008	1	19	0	33.6	16
2008	1	20	0	33.5	14
2008	1	21	0	33	12.5
2008	1	22	0	32.5	10.5
2008	1	23	0	32	13
2008	1	24	0	34.5	14
2008	1	25	0	32.5	16
2008	1	26	0	35	15.5
2008	1	27	0	34.5	18
2008	1	28	0	27.5	11.5
2008	1	29	0	31.5	11
2008	1	30	0	33.5	17
2008	1	31	0	30	18.5
2008	2	1	14	23	17.5
2008	2	2	2	30	11.5
2008	2	3	0	31	13
2008	2	4	0	30.5	13.5
2008	2	5	0	32.5	12.5
2008	2	6	0	32	13
2008	2	7	0	33	10.5
2008	2	8	0	34.5	13.5
2008	2	9	0	35	13
2008	2	10	0	35	13.5
2008	2	11	0	35.5	13.5
2008	2	12	0	34	17
2008	2	13	0	34	13.5
2008	2	14	0	34	15
2008	2	15	0	33	13.5
2008	2	16	0	32	9
2008	2	17	0	32.5	8
2008	2	18	0	33	8
2008	2	19	0	34.5	9
2008	2	20	0	34	14
2008	2	21	0	33.5	15
2008	2	22	0	31	15
2008	2	23	0	31.5	13
2008	2	24	0	35	12
2008	2	25	0	35	14
2008	2	26	0	35	12
2008	2	27	0	35	15.5
2008	2	28	0	36	19
2008	2	29	0	35.5	15.5
2008	3	1	0	35	15
2008	3	2	0	35.5	14.5
2008	3	3	0	36	15.5
2008	3	4	0	35	15
2008	3	5	0	35.5	15
2008	3	6	0	35	13
2008	3	7	0	35.5	14
2008	3	8	0	36	14
2008	3	9	0	36.5	16
2008	3	10	0	36	14
2008	3	11	18	35.5	18
2008	3	12	0	35	14
2008	3	13	0	37	16
2008	3	14	0	37	19
2008	3	15	0	37	18
2008	3	16	0	38	17
2008	3	17	0	35.5	17
2008	3	18	0	36	18.5
2008	3	19	0	36	17
2008	3	20	0	37	19
2008	3	21	0	37	18
2008	3	22	0	37	18
2008	3	23	0	36	18
2008	3	24	0	36	19
2008	3	25	0	36	19
2008	3	26	0	36	18
2008	3	27	0	35	19
2008	3	28	0	36.5	18
2008	3	29	0	36.5	19.5
2008	3	30	0	35	21
2008	3	31	0	32.5	21
2008	4	1	0	31.5	20
2008	4	2	0	36	21
2008	4	3	21	36	18
2008	4	4	0	36	19
2008	4	5	0	37	18.5
2008	4	6	0	38	21
2008	4	7	0	36	22
2008	4	8	0	37	21
2008	4	9	0	37	19.5
2008	4	10	0	37	19
2008	4	11	0	36.5	19
2008	4	12	0	37.5	19
2008	4	13	0	37.5	20
2008	4	14	0	38	19
2008	4	15	0	39	19.5
2008	4	16	0	40	18
2008	4	17	0	40.5	19
2008	4	18	0	38.5	21
2008	4	19	0	39	21
2008	4	20	0	37.5	21.5
2008	4	21	0	37.5	21
2008	4	22	0	38.5	21.5
2008	4	23	0	38	22
2008	4	24	0	37.5	21.5
2008	4	25	46	35	18
2008	4	26	0	35	18
2008	4	27	0	30.5	24
2008	4	28	3	32	24
2008	4	29	4	28.5	24
2008	4	30	41	25.8	23
2008	5	1	103	32	23
2008	5	2	37	27	24
2008	5	3	156	26	20
2008	5	4	15	30.5	22
2008	5	5	0	33	23
2008	5	6	2	34	24.5
2008	5	7	0	34	23.5
2008	5	8	0	34	24
2008	5	9	0	34.5	25.5
2008	5	10	0	35	25
2008	5	11	48	33	23.5
2008	5	12	40	29	23
2008	5	13	10	28	24
2008	5	14	149	26.5	22
2008	5	15	2	28	23
2008	5	16	8	30	23
2008	5	17	10	28.5	23
2008	5	18	38	26.5	22
2008	5	19	0	25	22
2008	5	20	5	29	23
2008	5	21	5	32	22
2008	5	22	0	34	22
2008	5	23	30	34	22
2008	5	24	5	34	24
2008	5	25	0	33.5	25
2008	5	26	0	33	25
2008	5	27	5	32.5	24
2008	5	28	9	30	24
2008	5	29	33	32	22.5
2008	5	30	18	33	23
2008	5	31	10	32	22.5
2008	6	1	0	34	23
2008	6	2	0	33	23
2008	6	3	0	32.5	24
2008	6	4	0	28	24.5
2008	6	5	9	30.5	23.5
2008	6	6	2	30	23
2008	6	7	6	30	23.5
2008	6	8	16	30	22.5
2008	6	9	25	28	22.5
2008	6	10	36	31	23
2008	6	11	0	34	24
2008	6	12	24	34	24
2008	6	13	0	33	23
2008	6	14	0	30	23
2008	6	15	13	28	22
2008	6	16	8	30	22
2008	6	17	7	30.5	23
2008	6	18	0	33	24
2008	6	19	0	33.5	22
2008	6	20	54	31	22
2008	6	21	9	31	22.5
2008	6	22	1	31	23
2008	6	23	6	31.5	22
2008	6	24	0	32.5	23
2008	6	25	3	32	23
2008	6	26	33	28.5	22
2008	6	27	9	30	22.5
2008	6	28	9	29	22.5
2008	6	29	9	31	23.5
2008	6	30	8	28.5	23
2008	7	1	17	31	22
2008	7	2	6	29	21
2008	7	3	0	31	21
2008	7	4	6	30.5	21
2008	7	5	14	30	22
2008	7	6	25	31	22
2008	7	7	46	31.5	20
2008	7	8	8	29	20
2008	7	9	48	30	20
2008	7	10	44	29	21
2008	7	11	0	31.5	21
2008	7	12	12	31.5	21
2008	7	13	67	30.5	22
2008	7	14	13	32	23
2008	7	15	3	33	22
2008	7	16	0	33	23.5
2008	7	17	9	33	22
2008	7	18	2	33	23
2008	7	19	18	29	22
2008	7	20	26	30	21
2008	7	21	1	31.5	20
2008	7	22	5	29	20
2008	7	23	13	30	21
2008	7	24	14	30	21
2008	7	25	9	38.5	20.5
2008	7	26	8	38	22
2008	7	27	19	29.5	21
2008	7	28	6	29.5	21
2008	7	29	54	29.5	21.5
2008	7	30	77	29.5	21
2008	7	31	32	29	20
2008	8	1	2	29.5	21.5
2008	8	2	10	29	21.5
2008	8	3	2	31	21.5
2008	8	4	26	32	21.5
2008	8	5	15	30	22
2008	8	6	35	29	21.8
2008	8	7	48	29.5	22
2008	8	8	47	29	20.5
2008	8	9	50	29	21
2008	8	10	21	28	21
2008	8	11	52	27	21
2008	8	12	32	28.5	21
2008	8	13	20	29.5	21
2008	8	14	6	28.5	21
2008	8	15	7	30	21.5
2008	8	16	5	29	22
2008	8	17	8	29.5	22
2008	8	18	14	28.5	21.5
2008	8	19	57	26.5	20
2008	8	20	4	30	20
2008	8	21	0	30	20
2008	8	22	5	30	21
2008	8	23	0	31.5	21
2008	8	24	0	31.5	21
2008	8	25	2	33	22
2008	8	26	9	33	22.5
2008	8	27	0	32	23
2008	8	28	1	32	22.5
2008	8	29	0	34	21.5
2008	8	30	8	33	22
2008	8	31	0	34	21
2008	9	1	0	33.5	23
2008	9	2	7	33	21
2008	9	3	5	32	21
2008	9	4	30	32	20
2008	9	5	0	33	21
2008	9	6	7	30	20.5
2008	9	7	37	31.5	20
2008	9	8	0	32	21
2008	9	9	0	32	21.5
2008	9	10	0	32.5	21
2008	9	11	0	34.5	21
2008	9	12	29	29	21
2008	9	13	23	28.5	21
2008	9	14	12	30.5	20
2008	9	15	25	29.5	20
2008	9	16	65	29.5	20.5
2008	9	17	5	29	21
2008	9	18	12	30	20
2008	9	19	1	30	20.5
2008	9	20	0	27	21
2008	9	21	38	30	19.5
2008	9	22	32	27	19
2008	9	23	19	31	20
2008	9	24	5	28	21
2008	9	25	10	31	20.5
2008	9	26	5	33.5	21
2008	9	27	0	32	22
2008	9	28	19	33.5	19.5
2008	9	29	0	33.5	20
2008	9	30	0	34	21
2008	10	1	0	33	22
2008	10	2	0	24	20
2008	10	3	0	32	22
2008	10	4	0	34.5	20.5
2008	10	5	9	34	20.5
2008	10	6	0	34	21.5
2008	10	7	6	34	20.5
2008	10	8	47	33.5	19
2008	10	9	0	34.5	20
2008	10	10	0	37	20
2008	10	11	0	35	22
2008	10	12	35	32.5	19
2008	10	13	0	35	20.5
2008	10	14	0	35.5	20.5
2008	10	15	0	34	22
2008	10	16	15	35	21
2008	10	17	0	34.5	23
2008	10	18	1	34	22
2008	10	19	1	34	20
2008	10	20	1	34	21
2008	10	21	13	34	20.5
2008	10	22	0	35	21
2008	10	23	0	33	21
2008	10	24	3	33.5	20.5
2008	10	25	25	34	19.5
2008	10	26	41	24.5	19.5
2008	10	27	34	27.5	19.5
2008	10	28	7	29	19
2008	10	29	27	30	19
2008	10	30	0	30	20
2008	10	31	0	32.5	20
2008	11	1	0	31	20
2008	11	2	5	31.5	20
2008	11	3	0	32	19.5
2008	11	4	13	34	18.5
2008	11	5	0	35.5	19
2008	11	6	0	32	19
2008	11	7	16	31	19
2008	11	8	0	32	18.5
2008	11	9	0	30	19
2008	11	10	0	32	19
2008	11	11	0	30.5	18.5
2008	11	12	0	31	15.5
2008	11	13	0	32.5	15
2008	11	14	0	31	16.5
2008	11	15	0	32.5	15.5
2008	11	16	0	33	16
2008	11	17	0	33.5	17.5
2008	11	18	0	34	19
2008	11	19	0	33	19.5
2008	11	20	0	35	20.5
2008	11	21	0	36	18
2008	11	22	0	35.5	18
2008	11	23	0	34	18
2008	11	24	0	35	18.5
2008	11	25	0	35	19
2008	11	26	2	33	18
2008	11	27	0	32	18
2008	11	28	0	32	16.5
2008	11	29	0	32	14
2008	11	30	0	31	12
2008	12	1	0	31	13
2008	12	2	0	32	13.5
2008	12	3	0	31	12
2008	12	4	0	32	12
2008	12	5	0	33	14
2008	12	6	0	32.5	15
2008	12	7	0	34.5	14
2008	12	8	0	32	14
2008	12	9	0	32	14
2008	12	10	0	33	13
2008	12	11	0	33	13
2008	12	12	0	33	12
2008	12	13	0	32.5	13.5
2008	12	14	0	32.5	13
2008	12	15	0	32.5	13
2008	12	16	0	32	13
2008	12	17	0	31.5	13
2008	12	18	0	32	13.5
2008	12	19	0	31.5	13
2008	12	20	0	31	13
2008	12	21	0	32	11
2008	12	22	0	31.5	11
2008	12	23	0	32.5	11
2008	12	24	0	33	13
2008	12	25	0	33.5	13
2008	12	26	0	33.5	16
2008	12	27	0	33.5	14
2008	12	28	0	32.5	11
2008	12	29	0	33	10.5
2008	12	30	0	32.5	10.5
2008	12	31	0	32.5	13
2009	1	1	0	32.5	11
2009	1	2	0	33	12
2009	1	3	0	33.5	12
2009	1	4	0	34	12
2009	1	5	0	33.5	11
2009	1	6	0	33.5	11
2009	1	7	0	34	12
2009	1	8	0	32.5	13
2009	1	9	0	32.5	13
2009	1	10	0	31.5	12
2009	1	11	0	32	13
2009	1	12	0	32	12
2009	1	13	0	30.5	12
2009	1	14	0	31	11
2009	1	15	0	30	10
2009	1	16	0	30.5	10
2009	1	17	0	31.5	9
2009	1	18	0	33	9
2009	1	19	0	33	10
2009	1	20	0	33.5	10
2009	1	21	0	33.5	10
2009	1	22	0	33.5	10
2009	1	23	0	34.5	10
2009	1	24	0	34.5	10
2009	1	25	0	35	10
2009	1	26	0	34.5	10.5
2009	1	27	0	34	10.5
2009	1	28	0	34	10
2009	1	29	0	34.5	10.5
2009	1	30	0	34	12
2009	1	31	0	34	11.5
2009	2	1	0	34	12
2009	2	2	0	34	11.5
2009	2	3	0	32	12
2009	2	4	0	33.5	11
2009	2	5	0	34	12
2009	2	6	0	34.5	12
2009	2	7	0	34	13.5
2009	2	8	0	34.5	15
2009	2	9	0	34.5	13
2009	2	10	0	35.5	13
2009	2	11	0	35.5	13.5
2009	2	12	0	35	14
2009	2	13	0	33.5	16.5
2009	2	14	0	34.5	17
2009	2	15	0	35.5	17
2009	2	16	0	35.5	17
2009	2	17	0	36	17
2009	2	18	0	36	17
2009	2	19	0	36	19
2009	2	20	0	37.5	20
2009	2	21	0	38	20
2009	2	22	0	36.5	21
2009	2	23	0	35.5	16.5
2009	2	24	0	36	21
2009	2	25	0	35	16.5
2009	2	26	0	37	16
2009	2	27	0	37.5	16
2009	2	28	0	36.5	16
2009	3	1	0	37	15.5
2009	3	2	0	37	15.5
2009	3	3	0	36	17
2009	3	4	0	36	18
2009	3	5	0	37	18
2009	3	6	0	36	18
2009	3	7	0	36	18.5
2009	3	8	0	35.5	20
2009	3	9	0	35.5	17.5
2009	3	10	0	36	19
2009	3	11	0	36.5	18
2009	3	12	0	34	19
2009	3	13	0	36	19.5
2009	3	14	0	35.5	20.5
2009	3	15	0	32.5	21
2009	3	16	0	35	21
2009	3	17	0	36	22
2009	3	18	0	33.5	22
2009	3	19	0	37	21
2009	3	20	0	37.2	21
2009	3	21	0	37	21
2009	3	22	0	37	21
2009	3	23	0	37.5	21
2009	3	24	0	36	22
2009	3	25	0	37.5	22.5
2009	3	26	0	37	22
2009	3	27	0	37.5	22.5
2009	3	28	0	37.5	23
2009	3	29	0	37.5	23
2009	3	30	0	38	23
2009	3	31	0	38.5	23
2009	4	1	0	38.5	25
2009	4	2	0	39	25
2009	4	3	0	39	25
2009	4	4	0	39	25
2009	4	5	0	39	27
2009	4	6	0	38	27.5
2009	4	7	0	37	28
2009	4	8	0	37.5	28
2009	4	9	0	35.5	27
2009	4	10	0	38.5	27
2009	4	11	0	33	27.5
2009	4	12	0	33	27
2009	4	13	0	31	25
2009	4	14	0	33	23
2009	4	15	0	35	24
2009	4	16	0	35	24
2009	4	17	0	34.5	23
2009	4	18	0	34	28
2009	4	19	0	34	23
2009	4	20	0	36	23.5
2009	4	21	0	36	23.5
2009	4	22	0	38.5	23
2009	4	23	0	37	23
2009	4	24	0	37	23
2009	4	25	0	38	23
2009	4	26	0	26.5	23.5
2009	4	27	0	35.5	22
2009	4	28	0	36	22
2009	4	29	0	36.5	23
2009	4	30	0	35.5	22
2009	5	1	0	37	22
2009	5	2	0	37	22.5
2009	5	3	0	37.5	23
2009	5	4	0	37	23
2009	5	5	0	36.5	22
2009	5	6	0	36	22
2009	5	7	6	37	22
2009	5	8	0	37	20
2009	5	9	0	38	23
2009	5	10	0	39	23
2009	5	11	0	38	22
2009	5	12	0	37	22
2009	5	13	60	34	20
2009	5	14	0	35	23.5
2009	5	15	0	37	24
2009	5	16	40	36	23
2009	5	17	4	36	24
2009	5	18	0	34	24
2009	5	19	2	33	24.5
2009	5	20	5	35	23.5
2009	5	21	0	36	23.5
2009	5	22	16	30	24
2009	5	23	120	30	23
2009	5	24	21	29	20
2009	5	25	9	29	20
2009	5	26	2	32	21
2009	5	27	0	30	22
2009	5	28	0	31	23
2009	5	29	0	29	23
2009	5	30	52	32	23
2009	5	31	5	32	23
2009	6	1	22	31	20
2009	6	2	5	32	22
2009	6	3	17	32	20
2009	6	4	0	33	24
2009	6	5	30	30	22
2009	6	6	0	29	22
2009	6	7	62	29	23
2009	6	8	41	29	23
2009	6	9	0	30	24
2009	6	10	0	33	24
2009	6	11	12	29	24
2009	6	12	32	29	24.5
2009	6	13	8	32	24
2009	6	14	0	34	25
2009	6	15	0	33	24
2009	6	16	0	35	24
2009	6	17	6	30	23.5
2009	6	18	2	33	24
2009	6	19	0	32	24.5
2009	6	20	16	33	24
2009	6	21	8	31	23
2009	6	22	8	30	23
2009	6	23	2	31	24
2009	6	24	3	32	24
2009	6	25	0	32	24
2009	6	26	32	30	24.5
2009	6	27	13	30	23
2009	6	28	20	30	23
2009	6	29	31	30	23
2009	6	30	27	30	23.5
2009	7	1	22	30	23
2009	7	2	18	29	23.5
2009	7	3	19	29	23
2009	7	4	11	30	23
2009	7	5	2	30	24
2009	7	6	26	31	23
2009	7	7	84	30	19
2009	7	8	3	29	22
2009	7	9	0	32	23
2009	7	10	0	34	23.5
2009	7	11	6	34	24
2009	7	12	14	34	23
2009	7	13	5	30	20
2009	7	14	20	29	20
2009	7	15	28	29	20
2009	7	16	31	30	20
2009	7	17	13	30	19
2009	7	18	21	29	20
2009	7	19	9	28	20
2009	7	20	81	29	19
2009	7	21	23	29	20
2009	7	22	26	29	20
2009	7	23	15	28	19
2009	7	24	29	31	20
2009	7	25	15	29	19
2009	7	26	103	29	19
2009	7	27	110	30	20
2009	7	28	6	29	21
2009	7	29	11	29	19
2009	7	30	4	29	19
2009	7	31	58	30	19
2009	8	1	36	28	20
2009	8	2	36	28	19
2009	8	3	58	29	20
2009	8	4	22	30	20
2009	8	5	0	31	20
2009	8	6	15	29	20
2009	8	7	13	30	20
2009	8	8	11	29	19
2009	8	9	22	29	20
2009	8	10	36	28	21
2009	8	11	50	28	19
2009	8	12	9	32	20
2009	8	13	0	32	20
2009	8	14	0	32	20
2009	8	15	10	35	19
2009	8	16	3	34	21
2009	8	17	0	32	22
2009	8	18	11	33.5	22
2009	8	19	0	33.5	23
2009	8	20	6	34	23.5
2009	8	21	0	33	23
2009	8	22	0	34	23.5
2009	8	23	0	34	23
2009	8	24	0	32	22.5
2009	8	25	10	33.5	22
2009	8	26	12	33	21
2009	8	27	35	33	23
2009	8	28	4	33.5	22
2009	8	29	0	33	20
2009	8	30	48	30	20
2009	8	31	23	32	20
2009	9	1	10	31	19
2009	9	2	0	30	20
2009	9	3	9	30	19
2009	9	4	17	30	20
2009	9	5	20	30	20
2009	9	6	19	39	19
2009	9	7	8	29	19
2009	9	8	188	29	19
2009	9	9	30	30	19
2009	9	10	0	34	19
2009	9	11	0	34	22
2009	9	12	0	33.5	22
2009	9	13	0	33.5	22
2009	9	14	39	29	20
2009	9	15	13	31	20
2009	9	16	5	32	20
2009	9	17	27	30	20
2009	9	18	25	29.5	19
2009	9	19	5	30	20
2009	9	20	10	33	21
2009	9	21	16	34	22
2009	9	22	0	34	22
2009	9	23	0	34	21
2009	9	24	0	34	21
2009	9	25	0	34	20
2009	9	26	0	29	20
2009	9	27	4	29	19
2009	9	28	10	32	19
2009	9	29	7	33	20
2009	9	30	5	33	21
2009	10	1	0	32	20
2009	10	2	41	30	20
2009	10	3	81	29.5	19
2009	10	4	72	30	20
2009	10	5	10	30	20
2009	10	6	10	33	20
2009	10	7	25	35	21
2009	10	8	0	35	23
2009	10	9	0	34	22
2009	10	10	0	35	23
2009	10	11	0	34	22
2009	10	12	0	30	23
2009	10	13	4	30	22
2009	10	14	55	32	21
2009	10	15	5	30	20
2009	10	16	4	35	20
2009	10	17	0	35	22
2009	10	18	0	34	21
2009	10	19	0	32	23
2009	10	20	38	33	22
2009	10	21	0	33.5	23
2009	10	22	2	33	21
2009	10	23	4	34	22
2009	10	24	0	34	23
2009	10	25	0	34.5	23
2009	10	26	0	33	22
2009	10	27	0	34	23
2009	10	28	0	35	23
2009	10	29	0	34	23
2009	10	30	0	35	23
2009	10	31	0	35	22
2009	11	1	0	35.5	22
2009	11	2	10	35	22
2009	11	3	0	33	22
2009	11	4	0	33	20
2009	11	5	0	33	19
2009	11	6	0	34.5	20
2009	11	7	0	35	20
2009	11	8	0	35	20
2009	11	9	0	35	20
2009	11	10	0	35	20
2009	11	11	0	36	19
2009	11	12	0	36	19
2009	11	13	0	36	19
2009	11	14	0	37	19
2009	11	15	0	37	19
2009	11	16	0	37	18
2009	11	17	0	36.5	19
2009	11	18	0	35	20
2009	11	19	0	34	19
2009	11	20	0	35	20
2009	11	21	0	36	20
2009	11	22	0	34	20
2009	11	23	0	35	18
2009	11	24	0	34	16
2009	11	25	0	35	17
2009	11	26	0	35	18
2009	11	27	0	35	18
2009	11	28	0	36	18
2009	11	29	0	36	18
2009	11	30	0	35	18
2009	12	1	0	35	17
2009	12	2	0	35	17
2009	12	3	0	35	16
2009	12	4	0	35	15
2009	12	5	0	34	14
2009	12	6	0	34	13
2009	12	7	0	34	14
2009	12	8	0	33	13
2009	12	9	0	35	15
2009	12	10	0	35	15
2009	12	11	0	35.5	15
2009	12	12	0	36	15
2009	12	13	0	35	15
2009	12	14	0	36	16
2009	12	15	0	36	15
2009	12	16	0	35	12
2009	12	17	0	34	12
2009	12	18	0	34	13
2009	12	19	0	34	13
2009	12	20	0	35	15
2009	12	21	0	36	14
2009	12	22	0	35	13.5
2009	12	23	0	34	13
2009	12	24	0	34	13
2009	12	25	0	34	12
2009	12	26	0	34	12
2009	12	27	0	34	12
2009	12	28	0	34	10
2009	12	29	0	33	10
2009	12	30	0	33	10
2009	12	31	0	33	10
2010	1	1	0	33	15
2010	1	2	0	33	16
2010	1	3	0	34	15
2010	1	4	0	34	15
2010	1	5	0	33.5	15
2010	1	6	0	33	16
2010	1	7	0	33	16
2010	1	8	0	33	17
2010	1	9	0	34	14
2010	1	10	0	34	13.5
2010	1	11	0	34	13
2010	1	12	0	36	12
2010	1	13	0	35	12
2010	1	14	0	35	12
2010	1	15	0	34	11
2010	1	16	0	34	13
2010	1	17	0	34	16
2010	1	18	0	35	16
2010	1	19	0	33	17
2010	1	20	0	34	15
2010	1	21	0	34	14
2010	1	22	0	34	13
2010	1	23	0	34	15
2010	1	24	0	33	16
2010	1	25	0	34	16
2010	1	26	0	34	17
2010	1	27	0	34	16
2010	1	28	0	35	16
2010	1	29	0	35	17
2010	1	30	0	35	16
2010	1	31	0	35	17
2010	2	1	0	33.5	10
2010	2	2	0	34	12
2010	2	3	0	34	12
2010	2	4	0	34.5	15
2010	2	5	0	34.5	14
2010	2	6	0	35	12
2010	2	7	0	35	13
2010	2	8	0	35	12
2010	2	9	0	35	13
2010	2	10	0	37	15
2010	2	11	0	37	14
2010	2	12	0	37.5	15
2010	2	13	0	38	16
2010	2	14	0	38	16
2010	2	15	0	38	15
2010	2	16	0	38	15
2010	2	17	0	37.5	16
2010	2	18	0	37	16
2010	2	19	0	36	16
2010	2	20	0	35	15
2010	2	21	0	36	13
2010	2	22	0	35	12
2010	2	23	0	35	13
2010	2	24	0	34	13
2010	2	25	0	36	14
2010	2	26	0	37	14
2010	2	27	0	37	14
2010	2	28	0	37	13
2010	3	1	0	36	22
2010	3	2	0	36	20
2010	3	3	0	36	22
2010	3	4	0	36	23
2010	3	5	0	36	22
2010	3	6	0	37	23
2010	3	7	0	38	20
2010	3	8	0	37	20
2010	3	9	0	37	22
2010	3	10	0	36	23
2010	3	11	0	37	22
2010	3	12	0	36	23
2010	3	13	0	37	23
2010	3	14	0	38	22
2010	3	15	0	37	20
2010	3	16	0	37	23
2010	3	17	0	39	23
2010	3	18	0	39	23
2010	3	19	0	37	23
2010	3	20	0	37	23
2010	3	21	0	37	23
2010	3	22	0	37	22
2010	3	23	0	38	23
2010	3	24	0	37	22
2010	3	25	0	38	23
2010	3	26	0	38	22
2010	3	27	0	38	23
2010	3	28	0	37	23
2010	3	29	0	38	23
2010	3	30	0	38	22
2010	3	31	0	38	22
2010	4	1	0	38	23
2010	4	2	0	39	23.5
2010	4	3	0	40	24
2010	4	4	0	39	25
2010	4	5	0	40	23
2010	4	6	0	41	24
2010	4	7	0	41	24
2010	4	8	0	40	23.5
2010	4	9	0	38	23.5
2010	4	10	0	40	24.5
2010	4	11	0	39	24
2010	4	12	0	38	25
2010	4	13	0	38	25
2010	4	14	0	39	24
2010	4	15	0	39	24
2010	4	16	0	38	24
2010	4	17	0	38	24
2010	4	18	0	38	24
2010	4	19	0	38	24.5
2010	4	20	0	38	23.5
2010	4	21	0	39	24
2010	4	22	0	40	24
2010	4	23	0	41	24
2010	4	24	0	40	24
2010	4	25	0	38.5	23.5
2010	4	26	0	40	24
2010	4	27	0	40	24.5
2010	4	28	0	40	25
2010	4	29	0	38.5	25
2010	4	30	0	40	24
2010	5	1	0	40	25
2010	5	2	0	40	25
2010	5	3	0	40	24
2010	5	4	0	40	24.5
2010	5	5	0	39	24
2010	5	6	0	38.5	23.5
2010	5	7	0	38	23.5
2010	5	8	0	40	25
2010	5	9	0	40	24.5
2010	5	10	0	40	25
2010	5	11	0	40.5	26
2010	5	12	0	40	25.5
2010	5	13	0	41	26
2010	5	14	0	40.5	26
2010	5	15	0	41	26.5
2010	5	16	0	40	26.5
2010	5	17	0	39	26
2010	5	18	6	39.5	23
2010	5	19	20	33	24
2010	5	20	0	35	24
2010	5	21	0	36	24
2010	5	22	6	35.5	24
2010	5	23	3	31.5	24
2010	5	24	19	30.5	25
2010	5	25	49	29	23
2010	5	26	0	28	23
2010	5	27	35	29	24
2010	5	28	23	33	24
2010	5	29	22	33	23.5
2010	5	30	0	32	24
2010	5	31	0	33.5	24.5
2010	6	1	20	34	24.5
2010	6	2	0	35	25
2010	6	3	0	35	25
2010	6	4	0	35.5	26
2010	6	5	0	36	26
2010	6	6	0	33	25
2010	6	7	0	32	25
2010	6	8	11	33	24
2010	6	9	39	29	24.5
2010	6	10	22	28	25
2010	6	11	20	32	25
2010	6	12	14	30	23.5
2010	6	13	9	29	23
2010	6	14	16	29	24
2010	6	15	27	31	24.5
2010	6	16	2	33	25
2010	6	17	28	30	24
2010	6	18	23	29.5	24
2010	6	19	0	34	25
2010	6	20	27	33	25
2010	6	21	0	35	25.5
2010	6	22	0	33	25
2010	6	23	0	32	24.5
2010	6	24	2	32	24
2010	6	25	3	30	24
2010	6	26	44	32	23.5
2010	6	27	0	31	24
2010	6	28	10	32	24
2010	6	29	16	31	25
2010	6	30	0	32.5	25
2010	7	1	11	32	25
2010	7	2	3	33	25
2010	7	3	3	32	24
2010	7	4	4	32	23.5
2010	7	5	11	30	24
2010	7	6	0	31	24.5
2010	7	7	45	35	25
2010	7	8	12	35	25
2010	7	9	7	33	25
2010	7	10	0	35	25
2010	7	11	0	33	25
2010	7	12	13	32	25
2010	7	13	52	33	24
2010	7	14	0	32	24
2010	7	15	0	33	24
2010	7	16	0	34	25
2010	7	17	0	33	25
2010	7	18	2	31	24
2010	7	19	0	32	24
2010	7	20	15	31	23
2010	7	21	17	32	24
2010	7	22	3	32	25
2010	7	23	35	30	24
2010	7	24	18	32	23.5
2010	7	25	0	30	23
2010	7	26	16	32	23
2010	7	27	0	34	24
2010	7	28	0	33	25
2010	7	29	5	32	23.5
2010	7	30	19	28	23.5
2010	7	31	17	32	24
2010	8	1	26	31	25
2010	8	2	0	32	25
2010	8	3	5	31	23.5
2010	8	4	16	29	23
2010	8	5	58	28	23
2010	8	6	5	30.5	24
2010	8	7	15	31	23
2010	8	8	2	31	23.5
2010	8	9	0	32	24
2010	8	10	0	33	24
2010	8	11	2	30	25
2010	8	12	20	29	25
2010	8	13	27	30	25
2010	8	14	3	30	24
2010	8	15	12	31	24
2010	8	16	0	32	26
2010	8	17	12	31	25
2010	8	18	23	30	24
2010	8	19	11	33	25
2010	8	20	0	34	25
2010	8	21	7	34	26
2010	8	22	0	32.5	25
2010	8	23	0	33	25
2010	8	24	26	32	24
2010	8	25	6	32.5	25
2010	8	26	11	29	24
2010	8	27	5	32	24
2010	8	28	12	32	25
2010	8	29	31	30	23.5
2010	8	30	10	33.5	23
2010	8	31	0	32.5	25
2010	9	1	38	32	24
2010	9	2	17	32	25
2010	9	3	14	32	25
2010	9	4	59	29	24
2010	9	5	10	32	23.5
2010	9	6	17	32	23
2010	9	7	0	33	25
2010	9	8	3	34	25
2010	9	9	5	34	24
2010	9	10	0	33	24
2010	9	11	10	33	24
2010	9	12	24	32	23.5
2010	9	13	3	31	23
2010	9	14	11	31	23.5
2010	9	15	12	31	24
2010	9	16	49	31	24
2010	9	17	2	33	24
2010	9	18	5	32.5	24
2010	9	19	19	33	24.5
2010	9	20	2	34	24
2010	9	21	0	34	25
2010	9	22	20	30	25
2010	9	23	20	32	24
2010	9	24	10	31	25
2010	9	25	4	33	24
2010	9	26	5	35	25
2010	9	27	0	34	25
2010	9	28	0	33	25
2010	9	29	18	33	24
2010	9	30	0	35	24
2010	10	1	0	35	25
2010	10	2	0	35	25
2010	10	3	0	34	25
2010	10	4	0	35	25
2010	10	5	0	33	24.5
2010	10	6	8	33	24
2010	10	7	143	29	24
2010	10	8	3	32	25
2010	10	9	6	32	25
2010	10	10	6	32	26
2010	10	11	4	31	24
2010	10	12	8	31	24.5
2010	10	13	5	31.5	24.5
2010	10	14	5	30	24
2010	10	15	2	32.5	25
2010	10	16	0	33.8	25
2010	10	17	10	32.5	25
2010	10	18	23	28	24
2010	10	19	8	30	25
2010	10	20	20	30	24
2010	10	21	16	29	24.5
2010	10	22	18	31	24.5
2010	10	23	16	32	24
2010	10	24	2	35	24
2010	10	25	4	35	23.6
2010	10	26	0	35	24.5
2010	10	27	29	35	24
2010	10	28	0	34	24.5
2010	10	29	0	33.5	25
2010	10	30	4	31	24.6
2010	10	31	0	31.5	23.7
2010	11	1	0	31.5	21.5
2010	11	2	0	32	21.5
2010	11	3	0	31.5	21
2010	11	4	0	31	20
2010	11	5	0	31.5	20
2010	11	6	0	32	21.5
2010	11	7	0	33	22
2010	11	8	0	32	22.6
2010	11	9	0	32	22.4
2010	11	10	0	31.7	23
2010	11	11	0	31.7	22
2010	11	12	0	32	22
2010	11	13	0	33	22
2010	11	14	0	33	22.7
2010	11	15	0	33	23.5
2010	11	16	0	34	23.5
2010	11	17	0	34	23.7
2010	11	18	0	34	23
2010	11	19	0	34	23.5
2010	11	20	0	34	24
2010	11	21	0	35	24
2010	11	22	0	33	23.8
2010	11	23	0	33.5	23
2010	11	24	0	33.5	23
2010	11	25	0	33	22.5
2010	11	26	0	33.5	22
2010	11	27	0	33	22
2010	11	28	0	33	21.5
2010	11	29	0	33.5	22
2010	11	30	0	33	21
2010	12	1	0	33	21
2010	12	2	0	32	20
2010	12	3	0	32	20
2010	12	4	0	32	20
2010	12	5	0	32	21
2010	12	6	0	32.5	21.5
2010	12	7	0	33	22.5
2010	12	8	0	34	23
2010	12	9	0	33.5	22.5
2010	12	10	0	29.5	23
2010	12	11	8	30	23
2010	12	12	19	32.5	23
2010	12	13	0	29.5	18
2010	12	14	0	29.5	18
2010	12	15	0	30.5	18
2010	12	16	0	30	18.5
2010	12	17	0	29	18.5
2010	12	18	0	29	20
2010	12	19	0	29.5	21
2010	12	20	0	30	21.5
2010	12	21	0	30	21
2010	12	22	0	31	19.5
2010	12	23	0	30	17.6
2010	12	24	0	31	17
2010	12	25	0	32	16.5
2010	12	26	0	31	16
2010	12	27	0	29	15.8
2010	12	28	0	29	16
2010	12	29	0	29	16
2010	12	30	0	29	15.7
2010	12	31	0	30	15.5
